###
1<>自然的野兽之力 欧服传说十九名野兽德<>48,48,730,698,698,826,826,697,697,695,695,39,39,700,700,538,538,44,44,694,694,296,296,43,43,270,270,238,37,37
1<>标准模式传说25名 奇迹超生德卡组分享<>48,48,701,701,698,698,50,50,39,39,36,36,825,825,818,296,296,43,43,270,270,37,37,34,33,558,279,279,246,26
1<>旧体系更新 太子新版本野兽德卡组推荐<>48,48,698,698,701,36,36,39,697,697,695,695,826,826,44,44,538,538,700,700,296,296,43,43,694,818,270,270,37,37
1<>换个思路：K神站场流德鲁伊成功上传说<>48,48,698,698,701,50,50,36,36,692,692,354,43,43,818,822,822,270,270,37,37,33,33,248,824,824,28,28,246,26
1<>胡了就能赢 太子亚煞极星界德卡组分享<>48,48,701,701,820,820,50,50,36,36,691,691,818,732,33,33,582,582,248,824,824,28,28,772,246,587,26,770,231,766
1<>炉石主播卡组推荐 王师傅近期套牌分享<>47,47,48,48,698,698,701,701,297,297,228,50,50,36,36,692,825,825,43,43,818,804,270,270,33,34,279,558,42,240
1<>乌鸦神像！ 鹿盔与克苏恩德的黄金结点<>48,48,698,698,701,701,50,50,36,36,814,814,794,794,808,808,43,43,818,821,821,802,802,270,270,248,824,824,773,765
1<>科技就是力量 太子克苏恩卡组实战视频<>48,48,698,698,701,50,50,36,36,814,814,729,794,794,808,808,43,43,818,821,821,822,822,270,270,248,824,824,773,765
1<>VC战队：传说前百鹿盔站场抉择咆哮德<>48,48,698,698,36,36,39,39,697,697,695,695,826,44,44,538,538,43,43,818,822,822,270,270,37,37,33,28,28,26
1<>星妈最新卡组播报 新版死鱼骑与奴隶战<>48,48,50,50,36,36,814,814,729,794,808,808,43,43,821,821,822,822,802,802,33,33,248,558,824,824,773,785,785,765
1<>传说级别卡组分享 无解铺场鹿盔超生德<>48,48,698,698,36,36,39,39,697,697,695,695,826,826,44,44,700,700,296,296,43,43,818,822,822,270,270,238,37,37
1<>欧美职业选手全卡评价 及四套试筑卡组<>48,48,698,50,50,36,36,814,44,692,794,794,808,43,43,818,822,822,802,270,270,37,37,248,824,824,28,28,773,765
1<>信仰古神 德术贼克苏恩流卡组构成猜想<>48,48,698,698,50,50,36,36,729,794,808,808,43,43,31,818,821,821,822,822,253,270,270,37,37,824,824,28,773,765
1<>新版本套牌思路推荐 攀科技克苏恩墙德<>48,48,698,50,50,36,36,695,814,813,794,808,43,43,818,821,821,802,790,270,270,37,37,33,824,824,28,773,785,765
1<>秋日疲劳卡组推荐 版本末期的娱乐缺德<>38,38,519,519,741,256,36,36,272,272,287,287,392,253,729,416,416,43,43,397,397,31,31,515,515,391,570,34,27,414
1<>克尔苏加德不会死去 欧服最新登顶墙德<>48,48,698,698,701,50,50,36,287,287,253,529,529,43,43,31,31,270,391,391,37,37,248,250,558,27,27,28,28,388
1<>适应当前的环境 外服登顶单树人咆哮德<>48,48,698,698,50,50,36,36,253,390,44,529,529,43,43,31,31,270,391,384,37,37,248,558,29,486,27,27,28,28
1<>月初黑科技速上传说 咆哮龙德卡组推荐<>48,48,698,50,50,36,36,287,253,44,295,603,43,43,31,31,564,270,270,234,384,37,37,250,558,29,599,27,27,556
1<>实力证明 低调的河马美服天梯成功登顶<>48,48,698,50,50,36,36,695,253,390,44,44,529,529,43,43,31,31,270,270,234,384,37,37,558,29,29,486,27,27
1<>狗哥传说娱乐卡组分享 能打疲劳的墙德<>48,48,519,519,228,50,50,36,36,253,529,43,43,397,397,31,31,270,270,391,391,248,558,27,27,28,28,413,539,539
1<>狗哥野路子卡组推荐 控场龙萨与土豪德<>48,48,256,256,50,50,36,36,695,695,253,43,43,391,732,732,33,248,558,486,27,27,28,28,388,493,252,726,26,690
1<>版本末期的疯狂 秋日改良缺德卡组分享<>38,38,519,519,741,36,36,272,272,287,392,253,729,416,416,43,43,397,397,31,31,515,515,391,391,570,34,569,27,414
1<>解析天才少年冠军卡组 没血法的刀油贼<>48,48,698,698,50,50,36,36,253,390,390,44,44,529,529,43,43,31,31,270,391,384,37,37,558,29,29,486,27,27
1<>美服传说第一 天才少年访谈及卡组推荐<>48,48,698,698,50,50,36,36,695,253,44,44,529,529,43,43,31,31,270,270,391,384,37,37,558,29,29,486,27,27
1<>欧服传说级卡组推荐 专治快攻的城墙德<>48,48,698,698,228,50,50,36,36,287,253,529,529,43,43,31,31,270,391,391,37,37,34,248,558,27,27,28,28,26
1<>变速猎<>48,48,332,332,698,698,503,697,697,695,595,595,287,253,44,44,529,529,43,43,31,31,270,391,37,37,29,27,27,28
1<>小天国服天梯实战 九成胜率咆哮德冲级<>48,48,698,50,50,36,36,695,253,390,44,44,529,529,43,43,31,31,270,391,384,37,37,248,558,29,29,486,27,27
1<>月初冲榜好选择 克制型咆哮德国服第二<>48,48,698,50,50,36,36,695,287,253,44,529,529,43,43,31,31,270,391,384,37,37,248,250,558,29,486,27,27,28
1<>月初天梯速冲 同福瓦莉拉推荐卡组合集<>48,48,698,50,50,36,36,695,253,253,44,529,529,43,43,31,31,270,391,384,37,37,248,250,558,29,486,27,27,28
1<>欧服最新登顶卡组推荐 受伤沙驼中速猎<>48,48,299,299,302,302,559,559,730,698,698,410,410,394,394,389,389,49,49,39,39,44,44,275,275,509,509,497,40,40
1<>新手福音 欧服传说级廉价卡组之机械德<>48,48,517,517,698,698,514,514,526,526,36,39,39,695,695,533,535,535,44,44,529,529,43,43,31,31,498,498,29,29
1<>VC战队攻略 月末天梯黑骑单咆哮德登顶<>48,48,698,50,50,36,36,695,253,390,44,529,529,43,43,31,31,270,391,384,37,37,248,250,558,29,486,27,27,28
1<>远古大神回归 半墙德两天24级登顶美服<>48,48,698,50,50,36,36,695,326,253,44,529,529,43,43,31,31,391,391,384,37,37,248,558,29,486,27,27,28,28
1<>就是这么二！2月2号2点成功上传说第6<>48,48,332,332,698,698,282,282,697,697,695,695,595,595,44,44,529,529,43,43,31,31,694,498,498,37,37,29,29,486
1<>VG小天分享 十小时魔能德登顶国服第一<>48,48,332,332,698,698,282,282,697,697,695,695,390,390,44,44,529,529,43,43,31,31,498,498,384,37,37,29,29,486
1<>顶尖玩家访谈 登顶常客盗圣的卡组心得<>48,48,698,50,50,36,36,695,695,253,44,44,529,529,43,43,31,31,270,391,234,384,37,37,248,558,29,486,27,27
1<>YM蓝圣者：SL-I联赛冠军我的圆梦之旅<>48,48,698,698,50,50,36,36,253,390,390,44,44,529,529,43,43,31,31,270,270,384,37,37,558,29,29,486,27,27
1<>本周炉石套牌推荐：铜须法与万马奔腾术<>48,408,698,701,410,282,228,50,36,695,253,390,44,700,529,43,43,31,694,270,391,384,37,250,558,727,29,486,27,28
1<>K神秀恩爱！他与女友的咆哮德新手教学<>48,48,698,698,50,50,36,36,695,253,390,44,44,529,529,43,43,31,31,270,270,384,37,558,29,29,486,27,27,28
1<>国服第二：没有魔能却更加强大的毒瘤德<>48,48,332,730,698,698,282,282,697,697,695,695,595,595,390,390,44,44,700,529,529,43,43,31,31,694,37,37,29,486
1<>特色传说套路：不做毒瘤逗你玩的潜行德<>48,48,698,36,36,697,697,695,695,253,390,390,44,44,529,529,43,43,31,31,694,270,37,37,248,558,29,486,27,27
1<>黑骑士归来！国服第八动物园术卡组鉴赏<>48,48,50,50,36,36,253,529,529,43,43,31,31,391,391,384,37,37,294,294,248,558,486,27,27,28,246,388,252,690
1<>黑骑士归来！国服第八动物园术卡组鉴赏<>48,48,701,701,50,50,36,36,695,529,529,43,43,31,31,391,391,384,37,37,294,582,248,558,486,27,28,28,388,690
1<>黑骑士归来！国服第八动物园术卡组鉴赏<>48,48,698,50,50,36,36,253,390,529,529,43,43,31,31,391,391,384,37,37,294,582,248,558,486,27,27,28,246,252
1<>我需要一些够硬的墙：国服第四卡组分享<>48,48,50,50,36,36,695,253,390,44,44,529,529,43,43,31,31,270,270,384,37,37,558,29,29,486,27,27,28,28
1<>我与狗哥谈笑风生！飞翔的美服天梯游记<>48,48,698,50,50,36,36,695,695,287,253,44,529,529,43,43,31,31,270,292,384,37,37,248,558,29,486,27,27,28
1<>本周套牌推荐：K神馆长牧与CL夺冠套牌<>38,38,297,297,36,36,272,272,392,392,253,729,45,416,416,692,43,43,397,397,31,31,515,391,234,34,34,569,42,42
1<>天选之人专用：5小时急速传说的蛋蛋德<>48,48,299,299,559,559,730,698,698,410,410,394,394,389,389,49,49,39,39,44,44,700,529,275,275,509,509,40,40,31
1<>上分全看演技：自创演员德2天5级到传说<>48,48,698,698,701,50,36,36,695,695,287,253,44,529,529,43,43,31,31,270,270,37,37,248,558,486,27,27,28,28
1<>德鲁伊就是强！熊猫彪哥咆哮德登顶卡组<>48,48,698,50,50,36,36,695,253,44,44,529,529,43,43,31,31,270,270,391,384,37,37,248,29,29,486,27,27,28
1<>22连胜惨遭会长终结！月初第六的魔能德<>48,48,332,730,698,698,282,282,697,697,695,695,595,390,44,44,529,529,43,43,31,31,694,498,498,37,37,29,29,486
1<>传说级双130咆哮德<>48,48,701,50,50,36,36,695,287,287,253,44,44,529,529,43,43,31,31,270,391,384,37,37,558,29,29,486,27,27
1<>无需咆哮 另类娜迦土豪德七成胜率上传说<>48,48,698,698,50,50,695,695,253,700,529,529,43,43,31,31,732,732,234,227,486,27,27,28,28,246,226,252,26,690
1<>放弃树人也能登顶：“伪咆哮德”套牌展示<>48,48,698,50,50,36,36,695,695,287,253,44,529,529,43,43,31,31,270,391,384,37,37,248,558,486,27,27,28,245
2<>兽群来我身边 K神野兽猎卡组分享与实战<>834,834,89,742,742,670,670,542,542,91,88,88,833,833,95,95,90,90,85,85,80,832,832,97,97,667,84,84,829,829
2<>专治战萨贼 中速猎卡组八成胜率上传说<>835,835,741,670,670,542,542,282,228,92,95,90,90,86,86,85,85,80,832,832,97,97,667,359,292,234,84,84,829,829
2<>爱好和平的雷克萨 娱乐卡组宇宙亡语猎<>100,89,742,741,702,670,542,333,297,87,729,668,665,345,326,95,90,86,85,832,740,354,97,827,727,248,229,84,829,768
2<>不止盗贼可以能创造奇迹 王师傅奇迹猎<>835,835,100,89,89,671,671,670,670,662,662,542,542,92,92,87,82,95,95,86,86,85,85,80,80,558,279,829,829,767
2<>同福人就玩大王术 中华毅力帝卡组分享<>89,586,586,834,834,835,835,282,282,542,542,670,670,85,95,95,703,703,830,97,97,832,832,667,827,248,84,84,829,829
2<>同福人就玩大王术 中华毅力帝卡组分享<>89,586,586,834,834,282,282,542,542,670,670,85,85,95,95,703,703,830,830,97,97,832,832,783,667,827,248,84,84,829
2<>猎人新思路 太子亡语猎卡组与实战演练<>586,586,834,834,742,742,256,542,85,85,90,90,86,95,95,703,703,97,97,832,832,667,667,827,248,84,84,829,829,768
2<>星妈最新卡组播报 新版死鱼骑与奴隶战<>89,89,834,834,835,835,742,742,282,282,542,542,670,670,85,85,90,90,95,95,97,97,832,832,667,667,84,84,829,768
2<>美服标准模式传说卡组推荐 中速野兽猎<>89,89,100,100,834,834,742,742,670,670,85,85,90,90,86,95,95,833,833,97,97,832,832,667,667,827,84,84,829,829
2<>炉石月初卡组推荐 输赢参半太子机械猎<>517,517,518,518,406,406,514,514,526,526,88,88,427,427,542,542,533,533,85,85,80,426,426,529,529,592,592,485,502,486
2<>拒绝佛祖 欧洲冬季锦标赛冠军卡组分享<>299,299,332,332,366,366,327,327,406,406,410,410,282,282,87,427,542,79,382,382,344,85,85,90,90,95,95,80,80,238
2<>猎人也玩雷诺 美服传说78%胜率 宇宙猎<>89,730,405,327,368,406,256,87,88,542,670,82,79,392,253,729,85,90,95,80,529,97,515,391,384,558,727,84,486,246
2<>实力冲分 太子改良型沙驼猎凶残五连胜<>89,586,586,405,405,406,406,410,410,282,282,88,427,671,79,85,85,95,95,703,703,80,529,97,97,391,384,84,84,486
2<>月初天梯速冲 同福瓦莉拉推荐卡组合集<>299,299,332,332,353,353,366,366,517,327,327,406,406,282,282,87,87,427,427,542,542,382,382,344,344,85,85,95,80,80
2<>欧服最新登顶卡组推荐 受伤沙驼中速猎<>89,89,586,586,405,405,410,410,596,596,282,282,427,427,85,85,95,95,703,703,308,308,529,97,97,391,384,84,84,486
2<>不一样的乐趣 国服无砰砰中速猎上传说<>89,89,405,405,406,406,410,410,282,282,542,670,670,671,671,79,85,85,90,90,95,95,80,80,529,97,97,384,84,84
2<>雷诺和猎人也很配 美服前百宇宙猎分享<>89,730,100,405,741,297,228,87,427,542,670,702,345,85,90,86,80,668,665,529,728,270,391,384,81,558,727,227,486,252
2<>大漠沙陀的逆袭：LOW猎还能再战30年！<>586,586,406,406,410,410,282,282,87,87,427,542,670,79,85,85,90,90,95,95,703,703,80,275,97,391,384,84,84,486
2<>本周炉石套牌推荐：铜须法与万马奔腾术<>89,89,405,405,406,406,410,410,282,282,671,82,82,79,85,85,95,95,80,80,665,529,529,97,97,384,667,84,84,486
2<>报复天梯毒瘤系列：还是祭出威武中速猎<>89,405,405,327,406,406,410,410,282,282,87,88,88,427,82,85,85,90,90,95,95,80,529,529,97,391,384,84,84,486
2<>时势造英雄：纯蓝白变速猎高效传说心得<>299,299,366,327,406,406,410,410,282,282,87,88,88,427,427,542,542,595,85,85,90,90,95,95,80,80,529,97,84,84
2<>属于宇宙的雷克萨：中速宇宙猎卡组分享<>89,730,300,327,410,741,282,542,670,82,315,392,253,729,85,90,95,668,308,529,275,97,515,391,384,667,727,84,486,726
2<>超出想象的套牌：黑科技纳迦海巫控制猎<>89,406,406,297,88,88,542,671,671,82,85,85,90,95,95,80,80,668,379,97,97,391,732,732,84,84,486,246,226,726
2<>神龙分享：吊打术德0橙猎人月初上传说<>299,299,366,327,406,406,410,410,282,282,88,88,427,427,542,542,79,595,85,85,90,90,95,95,80,80,529,97,84,84
2<>本周套牌推荐：同时战三服的太子刀油贼<>405,327,406,406,410,410,741,87,88,670,670,729,85,85,90,90,95,80,80,529,529,97,97,292,384,667,667,84,84,486
2<>顶尖高手解析：传说分段分布与天梯环境<>89,299,405,327,406,406,410,410,282,282,88,542,671,79,85,85,90,90,95,95,80,80,529,97,97,391,384,84,84,486
3<>美服天梯榜首再度易主 登顶宇宙法分享<>838,73,333,300,256,228,63,707,345,287,72,62,52,295,75,74,70,706,621,292,270,234,727,558,56,227,61,51,246,226
3<>Strifecro尝鲜套路 宇宙尤格萨隆法卡组<>838,66,741,596,256,63,843,729,707,315,287,72,62,52,611,593,75,74,70,837,706,234,727,558,248,56,61,51,836,767
3<>DH赛后哀绿采访：我喜欢吊打职业玩家<>65,65,374,333,333,256,256,228,63,63,707,345,272,72,72,64,62,62,52,52,74,74,60,727,558,56,56,61,240,226
3<>Sjow欧服登顶美服第二 超高胜率节奏战<>624,624,73,73,68,66,66,841,841,69,69,63,63,537,537,72,72,75,74,74,70,70,706,270,270,842,842,61,51,246
3<>WOG一周天梯大数据 萨满崛起盗贼归来<>65,65,333,333,256,256,228,63,63,315,315,345,345,62,62,72,72,52,52,74,74,60,800,558,56,56,61,51,226,53
3<>注重防守 狗哥尤格萨隆宇宙法卡组推荐<>66,624,374,333,741,297,256,228,315,345,729,62,52,843,322,611,74,75,60,270,621,706,837,800,727,56,61,51,620,767
3<>开心获胜 太子尤格萨隆电影法卡组分享<>838,73,73,66,624,63,63,69,69,841,841,729,72,72,537,537,70,70,74,74,270,270,706,706,837,837,842,842,51,767
3<>不止节目效果 欧服登顶尤格萨隆火妖法<>838,68,73,73,66,66,624,624,228,63,63,69,69,72,623,623,707,707,537,537,70,70,74,74,270,837,837,558,51,767
3<>看到战士也别急着跑 魔法之风冰法卡组<>65,65,374,333,333,256,256,228,63,63,315,315,345,345,62,62,72,72,52,52,74,74,800,558,56,56,61,51,226,767
3<>同福人就玩大王术 中华毅力帝卡组分享<>256,256,63,63,272,272,729,62,62,72,72,623,707,52,52,611,611,74,74,75,75,706,706,837,837,56,56,61,61,767
3<>星妈最新卡组播报 新版死鱼骑与奴隶战<>68,68,73,73,66,66,624,624,228,63,63,69,69,814,814,72,72,537,537,74,74,802,802,837,837,558,51,620,765,767
3<>新版本的风向标 国服炉石主播卡组汇总<>68,68,73,73,66,66,624,624,63,63,69,69,72,72,57,537,537,843,70,70,74,74,270,837,837,558,61,51,620,767
3<>新版本的风向标 国服炉石主播卡组汇总<>68,73,73,66,66,333,333,63,63,69,69,72,67,67,57,58,58,537,537,296,70,70,74,74,270,270,706,51,620,767
3<>新版本套牌思路 改良版尤格萨隆随机法<>68,68,73,73,66,66,624,624,63,63,69,69,729,72,72,623,623,707,707,537,537,266,74,74,706,706,837,837,558,767
3<>传说级别娱乐卡组 魔法之风宇宙挖宝法<>406,741,256,63,435,345,253,62,72,402,707,52,529,728,70,74,75,430,515,270,391,706,248,558,727,56,486,61,51,259
3<>来之不易的冠军 Breath比赛用卡组分享<>65,65,333,333,406,406,256,256,228,63,63,345,345,62,62,72,72,64,64,707,707,52,52,74,74,558,56,56,226,53
3<>套路很深 主播涛妹传说苟活法卡组推荐<>406,406,519,519,256,256,345,392,392,508,253,62,62,72,72,64,402,707,52,75,430,515,515,391,391,706,558,56,61,226
3<>为了部落！ 月初传说32名防战卡组分享<>68,68,73,73,66,66,624,406,406,63,63,69,69,435,434,434,72,72,67,57,537,537,70,74,74,270,270,706,486,51
3<>秋日卡组推荐 娱乐强度并存的集合石法<>406,406,256,256,63,63,287,253,62,62,72,67,402,623,623,707,57,75,75,430,515,515,733,733,570,706,706,558,61,61
3<>秋日娱乐卡组推荐 声控达人专用随机法<>335,335,741,741,503,63,63,435,434,434,287,253,729,623,623,529,529,563,75,75,430,515,515,505,505,570,706,706,486,61
3<>未成年勿入！ 炉石传说最性感卡组推荐<>302,302,291,291,303,303,284,289,63,63,343,343,589,589,580,580,402,402,57,57,52,52,54,54,339,339,364,248,56,56
3<>娱乐卡组推荐 K神的新玩具 铜须发现法<>73,73,66,66,406,406,741,741,63,63,435,729,72,72,402,402,57,537,537,74,74,75,515,515,391,391,706,706,61,61
3<>狗哥娱乐卡组推荐 异常欢乐无限火球法<>333,406,406,519,519,256,256,63,69,69,345,345,62,62,72,72,64,64,402,402,52,430,430,515,558,56,56,61,61,51
3<>版本末期的娱乐 高胜率传说控场宇宙法<>408,406,519,256,63,434,287,392,253,62,72,402,707,52,379,529,70,74,75,515,264,391,706,248,727,56,486,61,51,620
3<>拒绝佛祖 欧洲冬季锦标赛冠军卡组分享<>65,65,374,374,406,406,256,256,228,63,63,345,345,62,62,72,72,64,64,707,707,52,52,74,74,558,56,56,226,53
3<>月末领低保福利 朝神新手蓝白卡组分享<>517,517,518,518,66,66,514,514,526,526,63,63,436,436,434,434,533,533,535,535,72,529,529,74,74,432,432,592,270,270
3<>狗哥欢乐发现法 你就是下一个天选之人<>406,406,519,519,741,741,256,256,729,62,62,72,402,402,52,728,75,75,430,515,515,391,391,706,706,558,56,56,61,61
3<>感受猝死的快感 外服新思路OTK火把法<>730,65,65,331,331,374,374,333,333,406,256,256,228,63,63,69,272,272,62,62,72,72,707,707,52,52,74,74,558,56
3<>太子月初同战三服第三季 冰法摧毁一切<>65,65,333,406,406,256,256,228,63,63,345,345,62,62,72,72,64,64,52,52,74,74,60,515,558,56,61,51,226,53
3<>适合冲分的魔能机械法 国服前三十心得<>517,517,518,518,66,66,514,514,526,526,63,63,436,436,434,434,533,529,529,739,739,74,74,432,432,498,498,706,486,51
3<>连胜到国服传说十三 神奇的火妖法心得<>68,68,73,73,66,66,406,406,63,63,69,69,434,434,287,72,72,67,707,57,537,537,70,74,74,270,270,706,250,51
3<>拒绝冰法，只为效率 传说级打脸包子法<>332,332,65,65,66,66,624,624,333,333,335,335,406,406,228,63,63,345,272,272,62,62,72,72,707,707,52,52,74,74
3<>吃我一记狗不理 新版包子法国服上传说<>332,332,73,73,65,65,66,66,333,333,335,335,406,406,228,63,63,345,272,272,62,62,72,72,707,707,52,52,74,74
3<>玛里苟斯还是大法 美服传说级双龙冰法<>65,65,374,374,406,406,256,256,228,63,63,272,272,62,62,72,72,64,64,52,52,74,515,515,558,56,56,61,226,240
3<>轰出个未来吧 欧服登顶节奏法详细攻略<>68,68,73,73,66,66,406,406,63,63,69,69,435,434,434,287,72,72,67,57,537,537,70,70,74,74,270,706,706,51
3<>黑科技 时光奥秘法欢声笑语上传说前百<>406,741,741,63,63,508,508,72,402,402,707,707,52,593,593,75,75,430,430,570,706,706,558,569,56,56,619,61,61,243
3<>从入门到精通 详细分析解释火妖法构筑<>68,68,73,73,66,66,406,406,63,63,69,69,435,434,72,72,67,67,537,537,70,70,74,74,270,270,570,486,61,51
3<>从入门到精通 详细分析解释火妖法构筑<>68,73,73,66,66,406,406,63,63,69,69,435,434,72,72,67,67,623,537,537,618,622,529,529,74,74,270,384,486,51
3<>从入门到精通 详细分析解释火妖法构筑<>73,66,66,624,406,406,63,63,69,69,435,434,72,402,57,537,537,618,379,70,70,74,74,515,270,384,706,706,486,246
3<>从入门到精通 详细分析解释火妖法构筑<>73,65,624,406,406,228,63,63,69,69,435,434,72,72,67,67,618,52,70,70,74,75,270,270,391,384,558,486,61,240
3<>从入门到精通 详细分析解释火妖法构筑<>406,406,519,741,741,63,272,272,392,392,253,729,402,402,707,707,52,75,75,705,705,515,515,391,391,706,706,248,61,61
3<>有潜力的娱乐卡组 雷诺无限火球法详解<>374,333,406,406,519,256,256,228,63,69,69,345,272,62,62,72,64,402,52,52,75,430,430,515,558,727,56,56,61,51
3<>有潜力的娱乐卡组 雷诺无限火球法详解<>374,374,406,406,256,256,63,63,69,69,272,272,253,62,62,72,72,64,64,402,52,52,430,430,515,558,56,56,61,51
3<>用活残影就能取胜 外服天梯第八随机法<>408,300,406,519,256,63,434,287,392,62,72,67,402,707,52,529,74,75,430,515,391,384,706,248,558,727,56,486,61,252
3<>外服心得 融合了冰法思路的节奏冰分享<>68,68,73,73,66,66,406,406,63,63,69,69,435,434,434,72,72,67,57,537,537,52,529,529,74,74,270,270,486,51
3<>踩着小德和快攻天梯上分 奥秘法的回归<>66,66,406,406,741,741,63,63,69,69,434,434,72,72,67,67,402,402,57,57,58,58,537,537,618,618,74,74,706,706
3<>踩着小德和快攻天梯上分 奥秘法的回归<>73,66,66,406,406,741,741,63,63,69,69,434,434,508,508,72,72,67,402,402,57,58,58,537,537,52,74,74,706,706
3<>经验分享：冰法内战要注意的八个小技巧<>65,65,333,406,406,256,256,228,63,63,345,345,62,62,72,72,64,64,52,52,74,74,515,558,56,56,61,226,240,53
3<>经验分享：冰法内战要注意的八个小技巧<>65,65,333,406,406,256,256,228,63,63,345,345,253,62,62,72,72,64,64,707,52,52,74,515,558,56,56,61,226,240
3<>双龙戏珠法：在最寒冷的季节争取上传说<>65,65,333,406,406,256,256,228,63,63,345,272,62,62,72,72,64,64,707,52,52,75,515,558,56,56,61,226,240,53
3<>法力浮龙凭什么不算龙？九龙法卡组分享<>66,66,317,317,63,63,561,561,72,72,707,707,622,603,603,74,74,75,564,564,270,270,706,558,56,619,599,61,51,240
3<>冰法才是神级卡组！外服的高端深度教学<>65,65,333,333,406,406,256,256,228,63,63,345,62,62,72,72,64,64,52,52,74,74,515,558,56,56,61,51,226,53
3<>不走寻常路 Savjz疲劳法卡组与实战视频<>406,406,519,519,256,256,272,272,392,392,253,729,62,62,402,402,52,75,75,430,430,515,515,391,391,384,558,56,61,61
3<>本周炉石套牌推荐：铜须法与万马奔腾术<>65,65,374,406,406,519,256,256,228,63,63,69,69,345,272,729,62,62,72,72,64,707,52,52,266,74,74,558,56,226
3<>宇宙大法好！国服传说级罗宁蓝龙宇宙法<>73,66,624,333,406,228,63,71,69,435,434,253,72,402,707,537,52,529,70,74,270,391,384,558,727,56,486,51,620,240
3<>吊打圣骑小德：传说级紫罗兰火妖法分享<>517,68,73,66,66,624,406,406,63,63,69,69,434,434,72,72,67,707,57,537,537,296,296,74,74,270,384,486,61,51
3<>外服特色套牌：全力苟活的铠甲流控场法<>300,406,406,519,741,256,63,63,287,392,253,729,72,402,402,52,75,705,705,515,515,391,391,706,706,558,56,61,61,246
3<>外服顶尖卡组：节奏法空灵宇宙术与冰法<>68,68,73,73,66,66,406,406,63,63,69,69,434,434,287,72,72,67,707,57,537,537,529,70,74,74,270,706,706,51
3<>高手的选择：Payton美服双登顶套牌展示<>65,65,406,406,256,256,228,63,63,69,345,345,62,62,72,72,64,64,52,52,74,74,60,515,558,56,61,51,226,240
3<>无敌的雷诺？玩家浅谈宇宙流卡组的利弊<>65,65,374,333,406,406,256,256,228,63,63,345,62,62,72,72,64,64,707,52,52,74,60,558,727,56,61,51,226,53
3<>香港顶尖炉石玩家的LOE版本节奏法心得<>68,68,73,73,66,66,624,406,406,63,63,69,69,435,434,72,72,67,67,537,537,529,529,74,74,270,270,384,486,51
3<>天梯娱乐都还行：自用型宇宙法攻略心得<>406,519,741,256,63,69,435,434,253,72,402,707,537,618,52,74,75,60,430,515,270,391,706,558,727,56,61,51,620,240
4<>骑士也快攻 太子圣盾流快攻骑卡组分享<>862,862,859,859,302,302,299,299,811,811,596,596,160,160,858,858,857,857,595,595,254,157,157,709,709,275,170,170,163,238
4<>新赛季标准模式 全程只用鱼人骑上传说<>856,856,166,304,304,297,297,256,256,158,158,345,345,261,261,155,155,170,170,163,163,552,552,292,292,234,854,153,708,708
4<>骑士没斩杀？WE原创传说第三打脸骑士<>856,856,730,171,171,297,297,256,256,158,158,858,345,155,155,709,170,170,163,163,801,801,552,552,257,238,558,153,153,151
4<>WOG一周天梯大数据 萨满崛起盗贼归来<>856,856,302,297,297,256,158,158,861,326,326,345,155,155,163,163,170,170,709,709,805,805,270,292,552,788,248,151,854,768
4<>Strifecro尝鲜新套路 铺场流鱼人骑卡组<>856,856,862,862,855,855,297,297,158,158,811,811,261,261,155,155,163,163,170,170,687,687,552,552,782,782,250,153,151,854
4<>能加又能打 太子中速亡语奶骑卡组分享<>856,856,297,297,256,256,158,158,345,345,155,155,354,163,163,170,170,709,709,234,552,552,788,788,229,248,246,151,854,768
4<>炉石主播卡组推荐 王师傅近期套牌分享<>856,856,166,171,171,297,297,256,256,158,158,688,155,155,163,163,170,170,172,172,709,238,552,552,156,558,683,227,153,854
4<>Strifecro尝鲜套路 恩佐斯亡语骑实战<>856,856,166,859,859,297,297,256,256,158,158,155,155,163,163,170,170,805,783,783,552,552,788,788,229,248,153,151,854,768
4<>八成胜率冲上美服传说 圣盾快攻骑卡组<>299,299,302,302,859,859,160,160,158,811,811,595,595,254,688,155,157,157,858,858,857,857,161,161,163,170,170,709,709,860
4<>四费劝退是强项 针对环境的快攻鱼人骑<>324,324,288,288,859,859,855,855,304,304,337,337,282,811,811,273,254,261,261,157,157,858,858,857,857,161,161,163,163,687
4<>星妈最新卡组播报 新版死鱼骑与奴隶战<>856,300,304,304,297,297,256,256,158,158,345,345,261,261,155,155,163,163,170,170,709,709,552,552,801,801,153,153,708,708
4<>毒瘤不死摸腿不息 圣盾鱼人骑冲上传说<>288,288,859,859,855,855,304,304,811,811,273,273,261,261,688,688,157,157,858,858,857,857,163,170,170,687,687,151,708,708
4<>月初玩玩别的流派 K神套套骑卡组分享<>366,366,171,171,173,173,398,394,394,160,160,444,444,254,688,688,155,155,157,157,442,438,438,161,161,170,709,359,359,156
4<>外服卡组推荐 月初传说前五十宇宙龙骑<>408,317,410,256,444,158,345,561,253,155,442,438,529,563,603,163,170,709,564,270,391,553,566,248,727,599,153,151,252,555
4<>拒绝毒瘤佛祖 外服欢乐灯神骑套牌分享<>299,299,302,302,408,171,171,410,410,394,394,444,444,688,688,157,157,442,442,438,161,161,163,170,709,709,731,731,384,486
4<>九成胜率高速传说 天高蛋蛋佛祖骑卡组<>299,299,559,167,168,398,686,327,410,410,394,394,444,444,157,442,442,438,529,161,161,163,709,709,391,384,682,682,486,151
4<>拒绝佛祖 欧洲冬季锦标赛冠军卡组分享<>408,408,327,410,410,282,282,444,444,158,345,253,155,155,442,442,529,163,163,170,170,709,709,515,391,391,439,248,486,151
4<>主播BILL神恩骑心得 助我轻松冲上传说<>299,299,302,302,332,332,730,327,410,282,282,444,444,382,382,344,344,157,157,442,442,161,161,163,170,170,709,709,238,384
4<>八十血起步 复古中速奶骑月中传说心得<>297,297,174,444,444,158,158,345,345,253,155,155,442,442,163,163,170,170,709,709,515,515,391,391,439,486,165,165,153,151
4<>解析天才少年冠军卡组 没血法的刀油贼<>166,166,304,304,297,297,256,256,158,158,345,261,261,155,155,244,163,163,170,170,515,515,391,391,552,552,153,153,708,708
4<>星妈零充值新号 蓝白卡组三天冲上传说<>299,299,332,332,353,353,517,171,171,327,526,526,282,282,160,444,444,155,157,157,442,442,529,529,161,161,163,163,170,170
4<>VC战队攻略 国服月初传说第12名佛蛋骑<>291,291,167,167,168,168,169,398,398,686,282,282,394,394,444,444,157,442,442,438,275,161,163,709,709,384,682,682,486,151
4<>从入门到精通 详细分析解释中速骑构筑<>408,408,327,282,444,444,158,253,155,155,442,442,529,529,275,163,163,170,170,709,515,391,391,234,439,248,569,388,153,151
4<>从入门到精通 详细分析解释中速骑构筑<>408,300,327,282,444,444,158,253,155,155,442,442,529,529,275,163,163,170,170,709,709,515,391,391,439,248,250,569,153,151
4<>版本稳定期就需要娱乐 欢乐灯神骑卡组<>166,171,171,162,327,444,444,345,688,688,155,155,442,442,438,163,163,170,170,172,709,709,359,359,731,731,156,156,683,683
4<>圣光依然荣耀 美服第四十名雷诺中速骑<>408,327,410,282,444,444,158,345,253,155,442,442,438,529,275,163,170,687,709,515,391,234,384,439,248,727,152,486,153,151
4<>发一波新思路 欧服第二煎蛋骑卡组分享<>408,408,398,398,406,406,282,282,394,394,444,444,688,688,155,155,157,442,442,161,161,163,163,709,709,391,391,248,486,151
4<>本周炉石套牌推荐：复活牧蛋蛋骑宇宙术<>299,299,302,302,730,171,171,312,327,410,410,282,282,394,394,444,444,595,157,157,442,442,438,529,275,161,709,709,238,384
4<>YM蓝圣者：SL-I联赛冠军我的圆梦之旅<>291,291,167,167,168,398,398,686,410,410,282,282,444,444,158,442,442,438,529,529,161,163,709,391,384,682,682,486,246,151
4<>10橙5紫有点小贵：自创的宇宙土豪骑士<>162,167,168,398,412,514,256,443,158,253,155,438,611,504,172,709,391,732,384,159,248,727,486,681,388,487,493,153,151,252
4<>心得分享 改良奥秘骑月末十五级上传说<>291,291,167,167,168,168,169,398,398,410,514,282,282,444,444,158,157,442,442,438,529,163,163,709,391,384,682,682,486,151
4<>思路研讨：纯洁者中速骑冲上国服传说！<>327,282,282,444,444,158,158,589,589,253,155,442,442,438,275,163,163,170,170,687,687,515,234,439,569,683,486,681,153,151
4<>既陌生又熟悉的套牌：死鱼骑的使用要点<>300,304,304,297,297,256,256,158,158,345,345,261,261,155,155,244,163,163,170,170,709,515,515,391,552,552,153,153,708,708
4<>新人心得：螺丝佛祖骑助我首次上传说！<>291,291,167,167,168,398,398,686,300,282,282,444,444,158,442,442,438,529,529,161,163,163,709,391,384,682,682,486,246,151
4<>终于找到那套牌：传说级佛祖蛋蛋骑分享<>167,167,168,398,398,686,327,410,410,282,282,394,394,444,444,157,442,442,438,275,161,161,163,709,709,384,682,682,486,151
4<>传说级卡组推荐：天梯万金油K神中速骑<>408,408,327,282,444,444,158,253,155,155,442,442,438,529,529,163,163,170,687,687,709,709,515,391,391,384,439,486,153,151
4<>本周套牌推荐：宇宙骑龙战士与激励萨满<>408,291,167,167,168,398,398,686,300,327,410,282,160,444,155,157,442,438,529,161,163,170,709,391,384,727,682,682,486,151
4<>佛“阻”杀佛：5级50局76%胜率速上传说<>291,291,167,167,168,168,169,398,398,686,514,514,282,282,444,444,157,442,442,438,529,529,163,163,391,384,682,682,486,151
4<>奥秘骑的再发掘：传说级宇宙佛祖骑分享<>291,167,167,168,168,169,398,398,686,410,514,741,282,444,158,157,442,438,529,161,163,709,391,384,439,727,682,682,486,151
4<>带着祝愿的套牌：继续精简三鱼版鱼人骑<>304,304,410,282,282,444,444,158,253,155,442,442,244,163,163,170,709,709,270,391,391,384,552,439,569,683,153,151,708,708
4<>愿佛祖拯救你：公测玩家第一次传说之路<>291,291,167,167,168,169,398,398,686,514,514,282,282,444,444,157,442,442,438,529,529,163,163,709,391,384,682,682,486,151
4<>月初中速骑传说：K神牌卡组性能就是好<>408,408,300,327,444,444,158,253,155,155,442,442,438,529,529,161,163,163,170,687,709,709,515,391,391,384,439,486,153,151
4<>高效率冲分：月初9小时上传说的毒瘤骑<>291,291,167,167,168,169,398,398,686,514,514,282,444,444,158,157,442,442,438,529,529,163,163,709,391,391,682,682,486,151
5<>坚持信仰不忘初心 无古神传说环牧卡组<>847,847,101,101,643,643,109,109,105,105,297,297,110,110,281,281,111,850,850,116,116,852,852,711,711,234,712,712,569,122
5<>恩佐斯与牧师同在 论坛网友原创亡语牧<>101,101,105,105,109,109,713,713,111,111,114,116,116,117,850,850,805,805,270,120,120,852,852,248,558,712,712,599,770,768
5<>论脏论苟舍我其谁 99龙牧娱乐卡组分享<>109,109,550,110,110,641,641,713,713,561,561,111,603,603,849,564,564,270,270,120,711,711,558,712,712,599,556,555,769,768
5<>炉石主播卡组推荐 王师傅近期套牌分享<>101,101,105,105,109,109,643,643,297,297,110,110,713,713,281,281,111,111,116,116,850,850,120,852,852,248,712,122,845,768
5<>星妈最新卡组播报 新版死鱼骑与奴隶战<>101,101,105,105,109,109,110,110,814,814,729,111,111,794,794,808,808,116,116,851,851,802,852,852,848,848,712,773,785,765
5<>月初传说卡组 提速版环牧毒瘤狩猎攻略<>101,101,408,408,105,105,109,109,643,643,297,297,345,281,392,392,111,114,116,116,118,391,120,569,712,712,122,122,446,446
5<>来之不易的冠军 Breath比赛用卡组分享<>101,101,408,408,105,105,109,109,643,643,297,297,345,345,392,392,111,452,452,116,116,391,234,120,569,712,122,122,446,446
5<>玩家原创卡组四月初上传说 大胖恩泽牧<>101,408,105,105,109,109,514,297,297,389,389,713,345,345,281,392,392,499,499,111,452,452,275,120,120,712,712,122,122,446
5<>针对佛祖骑和动物园 外服暗牧卡组推荐<>408,408,412,110,110,345,345,392,392,111,112,112,379,593,593,728,515,515,391,391,570,711,711,445,712,712,122,122,446,446
5<>夏一可炉石黑科技卡组推荐 毒奶快攻牧<>101,101,102,408,104,105,105,109,109,113,113,643,643,448,448,447,447,107,108,108,281,281,392,392,452,452,509,116,116,238
5<>外服卡组推荐 月中成功登上传说的龙牧<>105,105,109,109,550,550,641,641,561,729,401,452,452,295,603,603,728,564,564,270,270,120,712,712,122,122,446,599,639,252
5<>九四牧重出江湖 更猛烈地破坏对手体验<>103,103,519,519,256,256,287,287,114,114,611,611,118,118,515,515,711,711,294,248,569,712,712,122,122,446,446,231,125,125
5<>ABL战队攻略 兼具强度与娱乐 宇宙暗牧<>105,109,550,741,297,256,110,641,713,729,111,114,401,452,112,112,593,603,728,564,270,120,711,445,727,712,122,446,599,252
5<>致终将逝去的纳克萨玛斯 最后的亡语牧<>105,105,109,109,110,713,713,392,392,111,401,401,529,529,385,515,391,391,234,386,387,711,248,569,712,712,446,446,486,388
5<>我们不脏我们要阳光 国服环牧传说心得<>101,101,408,408,105,105,109,109,643,643,297,297,713,713,392,392,111,452,452,116,116,120,445,569,712,712,122,122,446,446
5<>月初天梯速冲 同福瓦莉拉推荐卡组合集<>101,101,408,408,105,105,109,109,643,643,297,297,713,713,345,345,392,392,111,452,452,728,116,116,120,569,712,122,446,446
5<>版本交替期的毒瘤牧师 外服传说机械牧<>517,517,105,105,109,109,526,526,110,110,713,713,449,449,533,533,401,452,452,529,529,739,638,120,120,450,450,445,712,486
5<>我已放弃治疗 作死帝宇宙暗牧天梯实录<>408,104,519,741,297,256,110,713,287,392,253,111,114,112,112,529,118,515,391,234,120,711,445,248,727,712,121,122,446,639
5<>外服大神 如何构筑一套优秀的环牧卡组<>101,101,408,105,105,109,109,297,297,451,713,713,281,281,392,392,111,114,116,116,391,391,120,569,712,712,122,122,446,446
5<>外服大神 如何构筑一套优秀的环牧卡组<>101,101,408,408,105,105,109,109,643,643,297,297,110,451,281,281,392,392,111,116,116,118,120,569,712,712,122,122,446,446
5<>外服大神 如何构筑一套优秀的环牧卡组<>101,101,408,408,105,105,109,109,643,643,297,297,345,345,392,392,111,452,452,728,116,116,234,120,569,712,122,122,446,446
5<>外服大神 如何构筑一套优秀的环牧卡组<>408,408,105,105,109,109,110,451,451,713,713,392,392,111,452,452,728,118,391,391,120,711,711,569,712,712,122,122,446,446
5<>丝毫不惧咆哮德 美服前三十灯神牧卡组<>408,408,105,105,109,109,113,113,107,107,713,713,392,392,111,401,452,452,322,322,529,275,731,731,120,120,122,446,446,486
5<>冷门卡的再开发 亚服心火牧上传说心得<>101,101,408,408,559,105,105,109,109,113,113,643,643,448,411,411,286,107,107,392,392,111,401,401,452,452,116,116,731,486
5<>雷公助我 美服传说段高胜率宇宙牧分享<>408,105,109,643,368,297,256,110,713,392,253,111,114,452,611,116,118,391,384,570,120,711,558,569,727,712,122,446,486,555
5<>不成功便成仁！不一样酸爽体验的震爆牧<>101,408,104,104,105,105,109,109,643,448,297,297,228,108,108,345,345,392,392,111,452,452,116,116,120,558,446,446,124,226
5<>本周炉石套牌推荐：复活牧蛋蛋骑宇宙术<>101,101,586,586,105,105,109,109,643,643,297,297,551,551,281,281,392,392,111,114,114,116,116,120,569,712,712,122,446,446
5<>感受巨龙之力：铜须龙牧上传说心得分享<>105,105,109,109,550,550,451,641,641,561,561,729,111,111,452,452,603,603,564,564,270,270,120,120,122,122,446,446,599,252
5<>感受圣光魅力：我只想做个安静的安度因<>408,104,105,109,297,256,110,451,713,392,253,111,112,112,611,118,515,391,234,570,120,711,445,727,712,121,122,446,486,639
5<>感受圣光魅力：我只想做个安静的安度因<>101,101,408,408,105,105,109,109,643,448,297,297,713,345,281,281,392,392,111,452,116,116,391,234,120,569,712,712,122,446
5<>感受圣光魅力：我只想做个安静的安度因<>101,101,408,105,105,109,109,643,448,297,297,451,281,281,392,392,111,114,452,116,116,391,391,120,569,712,712,122,122,446
5<>作死帝复活牧 首席设计师安利的脏卡组<>104,642,256,256,110,110,551,551,111,111,114,114,593,593,117,118,257,257,570,120,120,711,600,712,712,121,121,446,446,125
5<>圣光事儿怎么算偷？阳光大脏牧重回天梯<>408,408,105,105,109,109,368,110,451,451,287,392,253,111,114,114,452,611,611,118,515,391,391,711,712,712,122,122,446,446
5<>设计师：法师骑士不会永远是竞技场霸主<>104,642,110,110,551,551,111,111,114,114,593,593,117,118,118,257,257,570,120,120,711,569,600,712,712,121,121,446,446,125
5<>别人一建的牧师<>101,105,105,109,109,643,643,448,448,333,333,108,108,110,392,392,111,452,322,322,116,116,270,270,711,558,569,712,446,124
5<>台港澳区第6名分享：对抗毒瘤环牧心得<>101,101,408,408,105,105,109,109,643,643,297,297,713,713,392,392,111,452,452,116,116,391,120,569,712,712,122,122,446,446
5<>圣光与暗影：当前环境弱势套牌暗牧分享<>408,408,412,577,110,345,345,392,392,111,111,112,112,379,593,593,611,515,391,391,234,120,711,445,712,712,122,446,446,639
5<>核弹是圣光的一种：一发入魂维纶核弹牧<>101,408,104,104,105,105,109,109,643,448,297,297,228,108,108,345,345,392,392,452,452,116,116,234,120,558,446,446,124,226
5<>当前版本很好上分：终极针对型环牧展示<>101,101,408,408,105,105,109,109,643,643,297,297,713,713,345,281,281,392,111,111,116,116,391,391,120,569,712,122,446,446
5<>月中传说：激进环牧的长篇传说心得研究<>101,101,408,105,105,109,109,643,643,448,448,297,297,713,713,345,345,281,281,452,452,728,116,116,120,569,712,122,446,446
5<>月中传说：激进环牧的长篇传说心得研究<>101,101,408,105,105,109,109,643,643,448,297,297,451,345,345,281,281,452,728,116,116,391,391,120,569,712,122,122,446,446
5<>月中传说：激进环牧的长篇传说心得研究<>101,101,408,105,105,109,643,643,448,448,297,297,345,345,281,281,392,392,111,111,728,116,116,120,445,569,712,122,446,446
5<>很屌的牧师<>101,101,102,408,408,105,105,109,109,113,448,448,108,108,449,449,281,281,392,392,573,401,401,452,452,635,116,116,638,638
5<>本周套牌推荐：K神馆长牧与CL夺冠套牌<>101,101,408,408,105,105,109,109,643,643,297,297,713,713,392,392,111,452,452,116,116,391,120,578,712,712,122,122,446,446
5<>逆转光影！天梯传说级连胜速攻牧师分享<>101,101,381,381,299,299,408,408,105,105,109,109,448,448,447,447,297,297,108,108,449,449,345,345,729,452,452,116,116,121
5<>本周套牌推荐：同时战三服的太子刀油贼<>104,104,105,105,109,109,550,108,108,641,641,713,713,345,561,561,111,379,379,603,603,270,270,120,558,712,446,599,124,240
6<>疲劳者永不为奴 秋日改良版爆牌贼卡组<>22,22,15,15,4,4,544,544,228,24,24,19,19,870,793,793,729,272,272,16,16,1,865,800,800,270,21,20,20,767
6<>脑洞大开 那些突破天际的脑洞卡组盘点<>22,22,4,4,23,23,12,12,24,24,19,19,870,729,16,16,9,9,1,863,714,714,865,865,545,270,270,279,279,777
6<>十五连胜一败难求 美服登顶蓝龙贼卡组<>22,22,4,4,25,23,228,24,24,19,19,14,14,870,315,16,16,9,9,1,863,714,714,545,270,270,558,279,279,240
6<>DH赛后哀绿采访：我喜欢吊打职业玩家<>22,22,4,4,868,23,12,12,11,11,228,24,24,19,19,870,315,16,16,9,9,1,863,714,714,296,270,270,279,279
6<>平民玩家也可以玩 朝神无橙传说奇迹贼<>22,22,4,4,353,23,12,12,11,11,24,24,19,19,870,340,315,16,16,9,9,714,714,322,296,270,270,257,279,279
6<>品尝克苏恩的利刃吧 克苏恩贼卡组分享<>22,22,4,4,814,256,256,228,24,24,19,19,808,794,794,16,16,9,9,714,714,270,270,558,773,18,18,864,864,765
6<>瓦莉拉归来！ 会长奇迹贼怒冲天梯第二<>22,22,4,4,23,11,11,12,12,228,24,24,19,19,315,16,16,9,9,1,870,714,714,863,270,270,234,238,279,279
6<>用法术刷出一片天 太子尤格萨隆奇迹贼<>22,22,4,4,23,11,11,12,12,228,14,14,24,24,19,19,315,9,9,1,870,296,714,714,863,270,270,279,279,767
6<>强度还能提高 太子亡语贼卡组推荐视频<>22,22,333,228,24,24,19,19,867,867,9,9,715,715,1,870,275,275,714,714,863,783,783,270,270,865,865,229,248,768
6<>穿越高墙的魔法利刃 传说156名 蓝龙贼<>22,22,4,4,25,228,14,14,24,24,19,19,315,315,16,16,9,9,1,870,296,714,714,863,270,270,279,279,558,240
6<>标准模式盗贼卡组 八成胜率的克苏恩贼<>22,22,4,4,23,228,14,24,19,19,867,867,16,16,9,870,794,808,714,714,802,802,270,270,279,279,558,864,864,765
6<>同福人就玩大王术 中华毅力帝卡组分享<>22,22,4,4,23,23,12,228,24,24,19,19,315,315,16,16,9,9,1,870,5,714,714,863,270,270,279,279,558,767
6<>新版本的风向标 国服炉石主播卡组汇总<>22,22,4,4,868,868,228,24,19,19,867,867,315,729,16,16,9,9,870,611,714,714,863,270,270,279,279,558,768,767
6<>让人捉摸不透 秋日新版三位一体爆牌贼<>15,15,4,4,730,228,24,24,19,19,544,544,272,272,729,16,870,794,794,611,863,545,865,865,20,20,864,864,765,767
6<>依旧信仰盗贼 狗哥传说级恩佐斯亡语贼<>22,22,333,228,24,24,19,19,867,867,315,16,9,9,715,715,1,275,275,863,783,783,270,270,545,865,865,229,248,768
6<>欧美职业选手全卡评价 及四套试筑卡组<>22,22,4,4,353,23,23,11,11,12,14,14,24,24,19,19,315,16,9,9,1,5,714,714,863,270,270,257,279,279
6<>信仰古神 德术贼克苏恩流卡组构成猜想<>22,22,15,15,4,4,368,24,24,19,19,544,544,272,272,729,16,16,794,794,611,863,789,21,781,781,800,20,864,765
6<>也谈新版本的影响 三套实验性盗贼卡组<>22,22,23,23,11,11,652,652,871,871,333,333,24,13,13,19,19,595,272,272,16,9,9,1,5,869,869,863,17,650
6<>也谈新版本的影响 三套实验性盗贼卡组<>22,22,15,15,4,4,23,23,11,11,228,24,24,19,19,315,16,9,9,1,5,714,714,863,270,270,238,279,279,558
6<>也谈新版本的影响 三套实验性盗贼卡组<>22,22,4,4,23,23,25,228,14,24,24,19,19,315,315,16,16,9,9,1,5,714,714,863,270,270,279,279,558,240
6<>外服娱乐卡组推荐 龙王宇宙小强雷诺贼<>22,4,408,23,596,228,24,19,5,315,253,16,9,648,646,529,611,714,455,515,270,391,21,545,250,727,453,486,18,645
6<>惊人的爆发 狗哥低成本奇迹贼卡组分享<>22,22,15,15,4,4,23,23,25,11,11,12,12,24,24,19,19,5,5,272,272,344,16,9,9,714,714,384,279,279
6<>狗哥蓝龙贼 感受潜行者华丽的法术斩杀<>22,22,4,4,23,23,228,14,24,24,19,19,5,5,315,16,16,9,9,296,714,714,515,270,270,391,279,279,558,240
6<>月末领低保福利 朝神新手蓝白卡组分享<>22,22,353,23,23,374,374,24,24,13,13,19,19,459,651,5,5,595,595,8,9,9,322,322,529,529,460,460,270,270
6<>解析天才少年冠军卡组 没血法的刀油贼<>22,22,4,4,23,23,24,19,19,5,5,253,16,16,9,9,1,529,529,296,296,460,460,270,270,391,391,384,18,18
6<>主播秋日新版爆牌贼 19胜8负70%胜率<>22,15,15,4,4,730,300,256,256,228,24,24,19,19,544,544,272,272,392,392,253,729,16,16,9,515,515,545,20,20
6<>主播秋日新版爆牌贼 19胜8负70%胜率<>22,15,15,4,4,730,256,256,228,14,24,24,19,19,544,544,272,272,392,253,729,16,16,9,9,515,515,270,20,20
6<>你开心就好 娱乐卡组推荐之爆牌手牌贼<>15,15,4,4,368,368,293,293,256,256,24,544,544,272,272,729,646,646,295,295,497,497,728,515,515,20,260,260,259,259
6<>月初天梯速冲 同福瓦莉拉推荐卡组合集<>22,22,4,4,23,23,228,14,14,24,24,19,19,5,5,315,16,9,9,1,296,714,714,515,270,270,279,279,558,240
6<>征战三服 国服高段大范刀油贼详细心得<>22,22,4,4,23,23,228,24,24,19,19,5,5,16,16,9,9,1,296,296,460,460,714,515,270,270,391,384,18,18
6<>这个套路很有想法 宇宙增值贼卡组思路<>22,517,23,333,228,14,19,5,649,253,16,9,648,715,1,529,296,728,460,714,455,270,391,384,545,279,248,494,727,486
6<>就是要不一样 拒绝毒瘤亡语贼强势传说<>22,22,299,299,730,333,410,410,394,394,228,19,19,253,16,16,9,9,715,715,529,529,275,275,270,270,391,384,248,486
6<>就是要不一样 拒绝毒瘤亡语贼强势传说<>22,22,299,299,730,333,333,742,742,228,19,19,326,326,253,16,16,9,9,715,715,275,275,714,714,270,270,229,248,645
6<>娱乐向：月末突然低保 没想到的板娘贼<>22,22,730,23,327,741,741,228,19,19,5,287,253,729,16,16,8,9,9,529,529,515,391,391,570,545,578,248,569,486
6<>月初踩着毒瘤上分：新版变速机械奇迹贼<>22,22,4,4,517,517,23,23,514,526,526,24,19,19,5,535,16,9,9,456,456,525,525,529,529,460,384,279,279,486
6<>盗贼的艰难选择 紫罗兰匪贼收割机选谁<>22,22,4,4,23,23,228,24,24,19,19,5,5,16,9,9,1,296,296,460,460,714,714,515,515,270,270,384,18,18
6<>顶尖玩家访谈 登顶常客盗圣的卡组心得<>22,22,4,4,23,23,228,24,24,19,19,5,5,315,315,253,16,9,9,529,529,296,296,460,515,270,270,384,18,18
6<>冷门解析：如何运用炉石隐藏职业刀油贼<>22,22,4,4,23,23,228,24,24,19,19,5,5,315,16,16,9,9,529,296,296,460,460,455,515,270,270,384,18,18
6<>外服传说组：奴隶龙战、中速猎与宇宙贼<>22,4,23,327,333,228,24,19,5,253,16,9,648,1,322,529,296,714,515,270,391,384,17,545,248,558,727,486,18,246
6<>根据环境大调整：再次全程刀油贼上传说<>22,22,4,4,23,23,228,24,24,19,19,5,5,315,16,16,9,9,296,296,460,460,714,515,270,270,391,384,18,18
6<>盗贼目前还能玩！国服前十的土豪奇迹贼<>22,22,4,4,23,23,228,24,24,19,19,5,5,253,16,16,9,9,296,296,270,270,234,384,279,279,558,486,246,226
6<>本周套牌推荐：同时战三服的太子刀油贼<>22,22,4,4,353,23,23,228,24,24,19,19,5,5,16,16,9,9,1,296,296,460,460,714,270,270,391,384,18,18
7<>不做毒瘤 图腾撒八成胜率十小时上传说<>879,879,719,719,302,302,149,149,672,672,596,596,139,139,673,673,148,148,134,134,133,131,131,876,675,675,135,127,875,875
7<>DH赛后哀绿采访：我喜欢吊打职业玩家<>730,719,719,302,299,299,149,149,141,141,137,874,874,680,680,672,672,596,596,541,677,595,132,132,131,131,877,877,127,127
7<>掌握巨龙之力 狗哥恩佐斯龙萨卡组分享<>149,149,137,680,541,541,228,679,679,677,677,148,148,133,133,131,129,129,564,564,270,248,229,138,138,599,555,252,769,768
7<>WOG一周天梯大数据 萨满崛起盗贼归来<>299,299,730,149,149,137,141,141,719,719,596,139,672,672,680,680,541,874,874,595,595,131,131,132,132,677,877,877,127,127
7<>可攻可守 太子廉价进化中速萨卡组分享<>137,141,719,719,898,139,139,672,672,680,680,874,874,148,148,673,673,131,131,877,877,876,876,270,675,675,138,138,875,875
7<>拒绝毒瘤打脸萨 八成胜率控场萨上传说<>149,149,719,719,898,139,142,672,672,680,541,874,148,148,673,673,131,131,133,877,877,876,876,135,873,782,138,138,875,875
7<>同福人就玩大王术 中华毅力帝卡组分享<>302,302,149,149,719,719,139,139,672,672,729,148,148,673,673,131,131,275,275,877,877,876,876,270,270,138,138,875,875,126
7<>萨满不信雷 七成胜率战吼控场萨上传说<>141,719,719,898,741,741,139,142,672,672,729,148,148,673,673,133,133,718,718,876,876,270,270,675,873,138,138,676,875,875
7<>星妈最新卡组播报 新版死鱼骑与奴隶战<>299,299,730,149,149,137,137,141,141,719,719,596,139,672,672,680,680,541,541,874,595,595,131,131,132,132,877,877,127,127
7<>新版本的风向标 国服炉石主播卡组汇总<>149,149,719,719,139,672,672,680,680,874,874,148,673,673,131,131,677,275,145,877,877,876,876,270,270,135,138,138,875,875
7<>新版本的风向标 国服炉石主播卡组汇总<>149,149,137,719,719,672,672,680,680,874,874,729,148,673,673,131,131,677,677,275,275,674,674,270,270,135,138,138,875,875
7<>新版本两小时速传说 火车王打脸萨卡组<>299,302,730,149,149,141,141,719,719,596,596,139,672,672,680,680,541,541,874,595,148,131,131,132,132,877,877,238,127,127
7<>萨满崛起不可挡 新版本 K神中速进化萨<>141,141,719,719,672,672,541,874,874,148,148,673,673,131,131,677,677,877,877,876,876,872,873,250,138,138,875,875,772,246
7<>论坛玩家分享 新版本中速萨满成功传说<>149,149,137,719,719,898,672,672,680,874,874,878,148,148,144,673,673,131,133,275,877,876,876,675,675,138,138,676,246,126
7<>欧美职业选手全卡评价 及四套试筑卡组<>299,299,302,302,730,149,149,137,141,141,719,719,596,139,139,672,672,680,874,874,595,595,131,131,132,132,877,877,127,127
7<>外服娱乐型卡组推荐 瑟玛普拉格控场萨<>333,741,741,228,403,467,467,680,680,130,541,541,148,148,131,131,133,133,679,679,129,129,677,677,462,462,515,558,126,490
7<>不再做毒瘤 非主流过载宇宙萨卡组来袭<>408,149,141,719,300,327,142,467,672,680,287,253,729,673,131,133,679,677,275,540,718,678,515,270,391,248,727,138,676,486
7<>狗哥野路子卡组推荐 控场龙萨与土豪德<>149,137,256,256,680,680,541,541,148,148,131,131,133,133,679,679,129,129,677,677,603,603,564,564,270,270,138,138,556,252
7<>拒绝做雷克萨 随从控场萨传说卡组分享<>408,408,137,719,719,410,741,139,139,672,672,680,253,148,148,673,131,131,133,133,679,529,529,675,675,138,138,486,461,126
7<>就要骗你玩萨满 传说级卡组 K神控场萨<>149,149,137,141,141,719,719,467,467,672,672,130,148,148,144,144,131,131,133,133,275,540,540,270,270,391,391,138,138,486
7<>细节决定成败 五小时的快攻萨传说之旅<>299,299,332,332,730,149,149,137,141,141,719,719,596,139,467,467,672,672,680,680,541,382,595,595,131,131,132,132,127,127
7<>版本末期的新玩具 K神宇宙萨横空出世<>299,408,730,149,141,719,327,596,741,467,672,287,253,729,148,673,133,134,275,540,718,515,270,391,384,248,727,138,676,486
7<>写给萌新的攻略 三个词教你学会雷克萨<>299,299,332,332,730,149,149,137,141,141,719,719,467,467,672,672,680,680,541,541,382,595,595,131,131,132,132,133,127,127
7<>新的尝试 新版龙萨七成胜率亚服上传说<>137,141,141,719,719,467,467,672,672,680,680,541,541,148,148,131,131,133,133,679,603,603,564,270,270,138,138,556,240,252
7<>崛起的康庄大道 外服六小时登顶快攻萨<>299,299,332,332,730,149,149,137,141,141,719,719,596,596,467,467,672,672,680,680,541,541,595,131,131,132,132,677,127,127
7<>吓呆对手的一套牌 美服第二龙神受惊萨<>408,408,149,149,137,141,719,410,410,139,139,672,672,680,148,148,673,131,133,133,134,529,275,591,270,384,138,138,486,126
7<>YM蓝圣者：SL-I联赛冠军我的圆梦之旅<>299,299,332,332,730,149,149,137,141,141,719,719,327,467,467,672,672,680,680,541,541,382,595,595,131,131,132,132,127,127
7<>都说控场萨是种信仰：让我们再虔诚一次<>149,149,719,719,410,410,680,680,729,148,148,144,144,133,133,465,465,529,529,515,515,391,391,234,675,127,138,138,486,461
7<>本周套牌推荐：宇宙骑龙战士与激励萨满<>408,149,137,297,577,672,589,253,148,673,131,133,134,679,677,529,275,591,270,391,570,675,576,248,558,727,138,461,126,555
7<>套牌思路研讨：别类的萨满玩法之战吼萨<>299,299,730,149,149,137,719,719,368,741,741,142,672,672,729,148,148,673,673,133,133,718,718,270,292,569,138,138,676,461
7<>雷克萨不是唯一出路：传说级控场萨分享<>408,408,149,149,141,141,719,719,410,410,139,139,672,672,148,148,673,673,131,131,133,270,270,384,135,127,138,138,486,126
7<>雷克萨不是唯一出路：传说级控场萨分享<>408,408,149,149,141,719,719,410,410,139,672,672,148,148,673,673,131,133,133,679,529,529,275,270,270,127,138,138,486,126
7<>雷克萨不是唯一出路：传说级控场萨分享<>299,408,149,141,719,410,741,139,672,287,253,729,148,673,131,133,134,529,275,515,270,391,234,675,127,727,138,676,486,126
7<>不畏惧针对：毒瘤萨月中上传说心得分享<>299,332,332,730,149,149,137,137,141,141,719,719,139,467,467,468,672,672,680,680,541,541,595,595,131,132,132,677,127,127
8<>疲劳者永不为奴 秋日改良版爆牌贼卡组<>883,883,888,200,200,191,191,190,190,189,189,885,882,882,722,722,187,187,887,887,884,884,547,546,546,198,198,197,197,767
8<>平民卡组也有梦想 蓝白动物园登顶国服<>883,883,888,888,299,299,200,200,191,191,189,189,722,722,634,634,312,312,300,282,282,887,887,546,546,310,275,275,180,180
8<>脑洞大开 那些突破天际的脑洞卡组盘点<>883,883,776,730,200,194,194,191,191,190,190,189,189,186,882,882,722,722,884,884,547,546,546,198,198,197,182,180,177,767
8<>标准模式下新型动物园 简简单单上传说<>883,883,888,299,299,200,200,191,191,189,189,722,722,596,312,282,282,274,887,887,729,546,546,572,275,275,180,229,772,262
8<>DH赛后哀绿采访：我喜欢吊打职业玩家<>190,186,814,722,293,256,794,729,547,546,315,287,198,802,631,611,354,295,275,197,182,781,253,727,558,248,183,773,179,176
8<>WOG一周天梯大数据 萨满崛起盗贼归来<>883,883,299,299,302,200,200,189,189,191,888,888,312,312,282,722,722,811,811,729,546,546,887,887,275,275,572,180,262,262
8<>动物园依旧强 美服最新登顶速攻动物园<>883,883,299,299,190,194,194,200,200,189,189,191,191,888,888,312,312,596,282,282,722,722,546,546,887,275,275,572,238,262
8<>信自己是天选之人 狗哥弃暗投明术卡组<>883,883,190,190,194,194,200,200,189,189,191,191,888,888,722,722,882,882,198,198,546,546,547,547,631,270,270,569,183,183
8<>老夫还有杰克逊！ 标准模式宇宙术攻略<>190,191,776,300,368,293,722,315,198,546,547,354,611,275,295,197,182,264,800,248,558,727,183,880,246,179,226,176,881,260
8<>太子卡组推荐 新思路克苏恩版动物园术<>883,883,299,299,190,200,200,189,191,191,888,722,722,814,814,729,546,546,887,887,794,794,275,275,802,802,886,773,262,765
8<>炉石主播卡组推荐 王师傅近期套牌分享<>883,883,299,299,200,200,189,189,191,191,888,888,312,312,282,282,722,722,811,811,546,546,887,887,310,275,275,572,262,262
8<>克苏恩只是手段 欧服前百宇宙克苏恩术<>190,191,256,722,814,315,546,547,884,794,808,354,275,295,197,182,802,784,253,886,781,248,250,558,727,183,773,179,176,765
8<>蓝白卡组 速攻动物园助新人月末拿低保<>883,299,299,190,190,194,194,200,200,189,191,191,888,888,312,312,282,722,722,811,811,348,348,595,887,887,310,275,275,801
8<>同福人就玩大王术 中华毅力帝卡组分享<>190,190,267,267,293,293,722,315,315,354,611,275,275,295,295,197,182,182,784,784,248,558,600,183,183,880,226,176,260,260
8<>吴二蛋再战一百年 标准模式传说动物园<>883,883,299,299,559,559,200,200,189,191,191,888,888,312,312,282,282,722,722,546,546,887,887,310,275,275,572,180,262,262
8<>星妈最新卡组播报 新版死鱼骑与奴隶战<>883,883,299,299,200,200,189,189,191,191,888,888,312,312,282,282,722,722,729,546,546,887,887,794,354,275,275,238,180,180
8<>新版本的风向标 国服炉石主播卡组汇总<>883,883,299,299,200,200,189,191,191,888,888,312,312,282,282,722,722,811,811,729,546,546,887,887,275,275,572,238,250,262
8<>夜色镇议员参上！ 美服传说新版动物园<>883,883,299,302,200,200,189,189,191,191,888,888,312,312,596,596,282,282,722,722,546,546,887,887,809,809,275,275,262,262
8<>欧美职业选手全卡评价 及四套试筑卡组<>883,299,299,302,302,200,200,189,189,191,191,888,312,312,282,282,634,634,722,722,343,254,546,546,310,310,275,275,180,180
8<>信仰古神 德术贼克苏恩流卡组构成猜想<>190,300,722,814,813,315,729,198,546,547,794,808,379,354,275,295,197,182,802,253,886,781,248,558,727,183,773,179,785,765
8<>VC战队攻略 蓝龙术对阵九职业详尽攻略<>299,408,408,190,190,194,327,475,475,722,722,253,253,729,546,295,295,603,603,197,197,515,515,564,564,270,270,384,558,240
8<>来之不易的冠军 Breath比赛用卡组分享<>408,190,191,300,327,293,475,722,315,287,253,729,546,547,529,275,295,197,182,473,515,391,384,248,558,727,183,486,179,259
8<>四月月初传说卡组分享 工匠大师动物园<>299,299,200,200,189,189,191,191,312,312,327,410,282,282,394,394,722,722,251,546,546,529,275,497,182,473,473,238,384,262
8<>不充值你也可以很强 蓝白动物园上传说<>299,299,302,302,190,190,200,200,191,191,300,312,312,327,410,410,514,282,282,394,394,310,310,529,529,275,275,473,473,180
8<>月初爬分利器 传统动物园挤入传说第三<>299,299,200,200,189,191,191,300,312,327,410,282,282,394,394,722,722,253,546,546,529,275,275,182,473,473,384,180,486,262
8<>月末国服登顶 传说第一动物园卡组推荐<>299,299,190,190,200,200,189,191,191,312,312,327,410,282,282,394,394,722,722,253,546,546,529,529,275,275,572,473,473,180
8<>月中成功上传说 阔别多年的核弹蓝龙术<>299,408,190,190,194,300,327,475,475,722,722,315,253,253,729,546,295,295,603,603,197,197,515,515,564,564,270,270,558,240
8<>国服最新登顶卡组 混合术详尽分析攻略<>299,299,332,332,190,190,194,194,200,200,189,191,191,327,282,282,475,475,722,722,546,546,529,529,473,473,270,270,391,238
8<>老夫还有更多奶 改良版传说宇宙术分享<>408,190,300,327,475,722,315,287,253,546,547,529,611,275,295,197,182,473,515,391,384,177,248,558,727,183,486,246,176,259
8<>二月天梯报告 术士职业心得及卡组推荐<>299,299,200,200,189,189,191,191,312,312,327,410,410,282,282,394,394,722,722,729,546,546,275,275,497,473,473,384,180,180
8<>二月天梯报告 术士职业心得及卡组推荐<>299,408,190,191,300,327,475,722,287,253,729,546,547,529,275,295,197,182,473,515,391,257,238,384,558,727,183,486,179,176
8<>二月天梯报告 术士职业心得及卡组推荐<>299,299,200,200,189,191,191,327,410,410,282,282,394,394,722,722,546,546,275,275,404,404,473,473,384,180,180,486,469,262
8<>二月国服前50 大神教你动物园单卡取舍<>299,299,200,191,191,312,327,410,410,282,282,394,394,722,722,253,546,546,275,275,497,404,473,473,384,180,180,486,262,262
8<>月初天梯速冲 同福瓦莉拉推荐卡组合集<>299,299,200,200,189,189,191,191,312,327,410,282,282,394,394,722,722,253,546,546,275,275,497,473,473,238,384,486,262,262
8<>月初天梯速冲 同福瓦莉拉推荐卡组合集<>190,475,722,722,253,729,546,547,295,295,603,603,197,197,195,195,633,633,515,515,564,564,270,257,257,558,183,179,240,231
8<>华佗从零单排第六季 平民动物园终传说<>299,299,200,200,189,189,191,191,312,312,327,410,410,282,282,394,394,326,533,529,529,275,275,497,473,473,292,180,180,357
8<>欧洲选手成绩好的原因 月末第三动物园<>299,299,302,200,200,189,191,191,300,327,410,410,282,282,394,394,722,722,729,546,546,275,275,572,473,473,384,180,262,262
8<>除了德什么都不怕 美服第二宇宙术心得<>408,190,327,293,475,722,315,253,546,547,354,529,275,295,197,182,473,515,391,384,386,387,248,558,727,183,486,179,176,259
8<>接二连三的第一 国服铜须动物园再登顶<>299,299,302,302,200,200,191,191,312,327,410,410,282,282,394,394,722,722,729,546,546,275,275,572,473,473,384,486,262,262
8<>怪真不是我引的 国服登顶火车王动物园<>299,299,200,189,191,191,312,312,327,410,410,282,282,394,394,722,722,253,546,546,275,275,497,572,473,473,238,384,486,262
8<>毒瘤再进化 改良版铜须动物园心得分享<>299,299,200,200,189,191,191,312,327,410,410,282,282,394,394,722,722,253,729,546,546,310,275,275,497,473,473,384,180,486
8<>个人特色很强烈 击剑宇宙术月中上传说<>299,408,190,300,327,267,293,475,722,604,253,198,546,354,275,295,197,182,473,515,391,384,248,558,727,188,486,179,176,259
8<>慌得要死战队 零神国服登顶恶魔园心得<>299,299,200,200,189,191,191,312,327,410,282,282,394,394,722,722,253,546,546,275,275,404,404,473,473,384,180,180,486,469
8<>万马奔腾 欧服传说前一百名小马术实战<>192,192,408,190,190,327,475,475,722,722,253,546,546,547,275,385,197,197,404,404,631,631,515,515,391,391,183,179,176,469
8<>老防战新思路 打术士佛祖有奇效的卡组<>299,299,200,189,191,191,312,327,410,282,282,394,394,722,722,253,546,546,275,275,404,404,182,473,473,180,180,486,469,262
8<>本周炉石套牌推荐：复活牧蛋蛋骑宇宙术<>299,408,190,191,300,327,475,722,287,253,729,546,547,529,275,295,197,182,473,515,391,257,238,384,250,558,727,486,179,176
8<>思路研讨 加入末日灾祸的传说组宇宙术<>408,190,327,293,475,722,253,546,547,529,275,295,197,404,404,182,473,515,391,384,180,177,248,558,727,183,486,176,469,259
8<>顶尖玩家访谈 登顶常客盗圣的卡组心得<>299,299,408,408,190,190,191,191,327,475,475,722,722,315,344,253,253,729,546,197,197,473,473,515,515,391,391,257,558,179
8<>本周炉石套牌推荐：铜须法与万马奔腾术<>192,192,299,190,191,327,475,722,722,253,546,546,611,275,275,385,197,197,404,404,631,631,515,515,391,391,183,179,176,469
8<>论宇宙术战T7猎：是吊打还是五五开？<>408,190,191,300,327,293,475,722,287,253,546,547,611,275,295,197,182,473,515,391,384,386,387,248,558,727,183,486,176,259
8<>大胖流爱好者福音：天梯前列大胖遗物园<>299,299,302,200,200,191,191,720,720,410,410,514,514,282,282,389,389,722,722,253,499,499,546,546,572,473,473,486,262,262
8<>K神铜须动物园 5级满星4小时极速上传说<>299,299,200,200,189,189,191,191,312,312,327,410,410,282,282,394,394,722,722,729,546,546,310,275,275,473,473,384,180,180
8<>黑骑士归来！国服第八动物园术卡组鉴赏<>299,299,200,200,189,191,191,300,327,410,410,282,282,394,394,722,722,546,546,275,275,497,473,473,384,180,250,486,262,262
8<>稳吃战术德：高胜率蓝龙术卡组心得分享<>299,408,408,190,190,194,327,475,475,722,722,253,253,729,546,295,295,603,603,197,197,473,515,515,564,564,270,270,558,240
8<>迎战开始泛滥的术士：宇宙术的个人用法<>192,408,190,191,300,327,293,475,722,287,253,546,547,275,295,197,404,182,473,515,391,384,248,558,727,183,486,176,469,259
8<>外服顶尖卡组：节奏法空灵宇宙术与冰法<>408,190,300,327,293,475,722,315,253,546,547,529,611,275,295,197,404,182,473,515,391,180,248,558,727,486,179,176,469,259
8<>高手的选择：Payton美服双登顶套牌展示<>299,408,408,190,190,194,327,475,475,722,722,315,253,253,729,295,295,603,603,197,197,473,515,515,564,564,270,270,558,240
8<>我与狗哥谈笑风生！飞翔的美服天梯游记<>299,299,200,200,191,191,300,312,327,410,410,282,282,394,394,722,722,546,546,275,275,404,404,473,473,384,180,180,486,469
8<>无敌的雷诺？玩家浅谈宇宙流卡组的利弊<>408,190,191,300,327,475,722,287,253,729,546,547,611,275,295,197,182,473,515,391,384,386,387,248,558,727,183,486,176,259
8<>太子的新套牌展示：大胖动物园思路详解<>299,299,302,302,408,408,200,200,720,720,410,410,282,282,389,389,722,722,499,499,546,546,275,275,572,473,473,384,262,262
8<>本周套牌推荐：K神馆长牧与CL夺冠套牌<>299,408,190,191,300,327,475,722,315,287,253,546,547,529,275,295,197,182,473,515,391,257,238,384,558,727,183,486,179,176
8<>12月前10名80%胜率穿刺动物园卡组分享<>299,299,200,189,189,191,191,312,312,327,410,410,282,282,394,394,722,722,546,546,529,275,275,572,473,473,238,384,486,262
8<>12月月末国服前10 哀绿OTK术士卡组分享<>299,299,408,190,190,191,191,327,475,475,722,722,315,344,253,253,729,546,295,197,197,473,473,515,515,391,391,257,558,179
9<>美服天梯榜首争夺激烈 土豪战成功登顶<>222,222,204,204,549,549,256,223,223,219,219,896,661,661,345,345,218,218,895,895,728,234,202,202,569,248,227,203,246,201
9<>战士也要带血法 天高的恩佐斯防战卡组<>894,894,222,222,220,220,204,204,228,223,223,219,219,661,661,345,345,218,895,783,234,202,202,569,248,229,599,201,226,768
9<>万场防战玩家 原创半宇宙防战卡组攻略<>222,222,204,204,549,223,219,214,896,725,661,653,345,218,218,895,728,253,234,211,202,202,727,569,250,248,227,203,201,226
9<>脑洞大开 那些突破天际的脑洞卡组盘点<>215,894,894,222,222,220,220,223,223,219,212,212,205,205,896,896,891,345,345,340,221,895,792,792,890,890,560,560,257,558
9<>感受巨龙之力 太子瓦王龙战士卡组分享<>894,894,222,222,659,659,223,223,219,219,212,212,205,205,896,729,725,725,895,895,603,603,564,564,270,270,229,555,252,654
9<>贪睡之萨满国服登顶 带新霍格的瓦王战<>894,894,222,222,220,223,223,219,214,212,212,205,205,896,896,725,725,345,345,207,207,895,895,216,210,229,772,246,201,654
9<>七成胜率从三级到传说 中速瓦王战卡组<>894,894,222,222,220,220,223,223,219,219,212,212,205,205,896,896,725,345,345,207,207,895,895,210,234,229,889,246,201,654
9<>慌得要死战队传说心得 中速战国服十二<>894,222,222,220,223,223,219,214,214,212,212,205,205,896,896,725,725,345,345,895,895,314,216,234,211,211,248,246,201,654
9<>超级土豪恩佐斯战士 娱乐卡组也要低保<>222,222,204,204,549,549,223,223,896,896,891,345,345,218,218,895,805,805,234,202,202,569,248,229,599,246,201,770,768,767
9<>闷声发财 美服传说第七冲锋狼人奴隶战<>215,215,220,220,222,222,894,297,297,223,223,212,212,214,217,219,219,341,345,345,221,207,207,896,896,322,322,560,560,558
9<>全都使劲打用力抽 K神海盗战卡组分享<>353,353,209,209,897,897,303,303,596,596,742,742,223,223,224,224,263,263,207,207,893,893,314,314,216,216,230,211,211,567
9<>培养古神 太子中速克苏恩战士卡组分享<>220,222,222,204,204,894,894,223,223,212,219,219,205,205,814,814,345,345,729,794,794,781,781,248,250,203,892,892,773,765
9<>炉石主播卡组推荐 王师傅近期套牌分享<>220,220,222,222,894,223,223,212,212,214,219,219,205,205,345,345,725,725,896,896,895,895,270,270,229,248,246,201,654,766
9<>美服传说七成胜率 节奏龙战士套牌分享<>730,222,222,209,897,317,317,346,223,223,224,212,659,659,661,207,207,896,896,216,216,210,208,208,895,895,270,270,211,211
9<>五月二号传说第七 挖宝土豪战卡组分享<>222,222,204,204,223,223,214,219,549,549,345,345,218,218,661,661,896,896,728,895,895,292,202,202,248,569,227,203,201,726
9<>放弃克苏恩 狗贼八成胜率传统壕战卡组<>222,222,204,204,223,223,214,214,205,205,549,345,345,218,218,661,661,728,895,895,202,202,788,788,248,569,227,203,201,226
9<>多元体系 宇宙克苏恩嘲讽战上传说心得<>222,204,223,214,219,549,657,814,345,218,661,653,891,896,794,808,895,802,253,202,248,250,569,727,203,889,892,773,201,765
9<>在美服成功起飞 河马传说前百新奴隶战<>730,220,220,222,222,894,894,297,223,223,212,212,214,219,205,205,345,345,221,725,207,207,891,896,322,895,560,560,558,201
9<>提起武器 太子打脸海盗战卡组实战视频<>299,299,353,353,730,209,209,303,303,333,333,223,223,263,263,661,661,893,893,314,314,216,216,208,208,792,792,230,211,211
9<>星妈最新卡组播报 新版死鱼骑与奴隶战<>730,220,220,222,222,894,894,297,223,223,212,212,214,214,219,205,205,345,345,221,725,207,207,896,322,895,560,560,558,201
9<>新版本的风向标 国服炉石主播卡组汇总<>222,222,204,204,223,223,814,814,729,218,218,794,794,808,808,802,802,234,202,202,781,781,248,569,203,892,892,773,201,765
9<>新版本的风向标 国服炉石主播卡组汇总<>353,353,222,897,303,303,223,223,224,224,214,214,345,345,725,725,653,893,893,314,314,216,216,208,208,895,895,230,211,211
9<>新版本的风向标 国服炉石主播卡组汇总<>222,222,204,204,223,223,219,219,345,345,729,896,896,794,794,808,808,728,802,802,234,202,202,248,569,892,892,773,201,765
9<>新版奴隶战 迎着汹涌的打脸萨们上传说<>215,215,220,220,222,222,297,223,223,212,212,214,219,205,205,345,345,207,207,896,896,322,895,895,253,560,560,234,250,201
9<>VG小天美服传说组实战 疯狂连胜瓦王战<>220,220,222,222,223,223,212,212,214,214,219,219,205,205,345,345,725,725,314,529,529,399,399,391,391,234,486,246,201,654
9<>来之不易的冠军 Breath比赛用卡组分享<>215,215,220,220,222,222,412,412,223,223,212,212,214,219,205,205,345,345,207,207,322,314,529,399,399,391,560,560,486,201
9<>实力证明 低调的河马美服天梯成功登顶<>215,215,730,220,220,222,222,412,297,223,212,212,214,219,205,205,345,345,253,207,207,529,399,399,391,560,560,384,486,201
9<>为了部落！ 月初传说32名防战卡组分享<>222,222,204,204,223,223,214,219,205,205,345,345,253,218,218,661,661,728,399,399,391,391,202,202,569,481,481,486,203,201
9<>豪气冲天 美服传说10橙宇宙战卡组分享<>204,741,223,224,214,219,205,345,287,253,218,661,725,529,728,399,270,391,234,202,248,250,569,727,481,227,486,203,201,252
9<>冲啊！冰霜巨人！ 传说级战士卡组分享<>222,222,204,204,327,223,223,219,219,549,345,253,221,661,728,399,399,391,391,257,202,202,248,558,569,486,203,226,252,575
9<>月末冲传说 外服快攻型龙战士套牌分享<>332,332,353,353,730,317,317,327,223,223,224,224,659,659,382,382,595,595,661,661,216,216,399,399,208,208,270,270,211,211
9<>强度兼具娱乐 外服新版大胖奴隶战卡组<>215,215,316,316,220,220,222,222,412,412,223,223,212,212,219,219,205,205,345,345,499,499,336,399,399,560,560,558,486,201
9<>制裁毒瘤不动如山 传说级防战卡组推荐<>222,222,204,204,223,223,214,205,205,549,345,345,253,218,218,661,728,399,399,391,391,202,202,248,569,481,481,486,201,555
9<>制裁毒瘤不动如山 传说级防战卡组推荐<>222,222,204,204,223,223,219,219,205,205,549,549,345,345,253,218,218,661,661,728,399,399,391,202,202,248,569,481,481,231
9<>拒绝佛祖 欧洲冬季锦标赛冠军卡组分享<>215,215,220,220,222,222,412,412,223,223,212,212,219,205,205,345,345,207,207,314,314,399,399,391,560,560,384,202,486,201
9<>战士就该勇往直前 打脸战高胜率上传说<>299,299,332,332,353,730,303,303,327,327,333,333,223,223,224,224,382,382,595,595,344,725,725,216,216,399,399,238,211,211
9<>解析天才少年冠军卡组 没血法的刀油贼<>222,222,204,204,256,223,223,219,549,549,392,392,253,218,218,661,661,728,399,399,391,234,202,202,248,569,481,481,203,201
9<>美服传说第一 天才少年访谈及卡组推荐<>222,222,204,204,223,223,219,219,205,205,549,549,345,345,253,218,218,661,661,728,399,399,391,234,202,202,569,481,481,231
9<>我们还有墙 非常有意思的传说级嘲讽战<>222,222,223,223,219,219,660,205,205,657,657,345,253,725,725,275,504,504,728,399,399,391,391,202,576,250,724,724,388,654
9<>欢乐挖宝时间 玩家改良版宇宙流挖宝战<>220,204,223,214,219,205,549,657,345,253,254,729,218,661,529,728,399,515,391,384,202,248,250,569,727,481,227,486,203,201
9<>VG小天国服实战 奴隶战八成胜率传说14<>215,215,730,220,220,222,222,412,412,223,223,212,212,219,219,205,205,345,345,207,207,314,216,216,399,399,560,560,486,201
9<>龙才是男人的浪漫 美服宇宙龙战上传说<>222,204,335,223,223,214,219,205,549,659,345,253,218,661,725,603,399,564,270,391,202,248,569,727,481,486,599,201,252,555
9<>抗毒瘤神器 亚服金猴战上传说心得攻略<>220,222,222,204,204,412,412,223,223,212,212,205,205,345,345,253,218,218,661,661,728,399,399,391,391,234,202,202,569,481
9<>CL战队：月末前50名奴隶战的心得讲解<>215,215,730,220,220,222,222,412,223,223,212,212,214,219,205,205,345,345,207,207,314,529,529,399,399,560,560,384,486,201
9<>月尾末班车库卡隆火车王奴隶战冲上传说<>215,215,730,220,220,222,222,223,223,212,212,214,214,205,205,345,345,218,207,207,322,216,216,399,399,560,560,238,384,201
9<>卡组NNN<>222,222,204,204,223,223,219,205,205,549,549,345,253,218,218,661,661,593,399,399,391,234,202,202,248,569,481,481,201,231
9<>菠菜强宇宙挖矿战再改：给朋友来杯信仰<>222,204,327,741,223,214,219,205,549,345,253,218,661,725,529,728,399,391,234,202,248,250,569,727,481,481,227,486,203,201
9<>刚正面不要怂：美服极限打脸战卡组推荐<>299,332,332,353,353,730,209,304,327,327,223,223,224,224,382,382,595,595,344,661,661,216,216,399,399,208,208,238,211,211
9<>本周炉石套牌推荐：铜须法与万马奔腾术<>222,204,223,223,214,219,205,657,659,345,253,218,661,725,562,603,603,399,564,270,391,202,727,481,486,599,479,201,226,252
9<>国服最顶尖奴隶战：低调的河马教学实录<>215,215,220,220,222,222,412,297,223,223,212,212,214,219,219,205,205,345,345,287,207,314,399,399,391,560,560,384,486,201
9<>新思路尝试：冰巨人冲锋宇宙战套牌分享<>222,204,327,223,214,219,205,549,345,287,253,218,221,661,529,399,391,257,211,202,248,569,727,481,227,486,203,201,226,575
9<>外服攻略 美服前200大盗奴隶战心得分享<>215,215,730,220,220,222,222,412,223,223,212,212,214,219,205,205,345,345,207,207,322,314,399,399,391,560,560,384,201,726
9<>外服传说组：奴隶龙战、中速猎与宇宙贼<>215,215,220,220,222,222,412,297,223,212,212,219,205,205,345,345,207,207,603,603,399,399,564,270,270,560,560,486,556,201
9<>顶着矿难1月中旬上传说 国服挖宝战分享<>222,222,204,204,223,223,214,214,219,205,205,549,345,345,253,218,661,661,728,399,399,391,391,202,202,248,250,569,481,481
9<>本周套牌推荐：宇宙骑龙战士与激励萨满<>215,215,220,220,222,222,412,412,223,223,212,212,205,205,345,345,207,207,603,603,399,399,564,270,270,560,560,556,201,245
9<>比豪战更强？出乎自己意料的瓦王战分享<>215,215,220,222,222,410,410,223,223,214,214,253,729,725,725,529,529,399,399,391,391,234,202,202,481,481,486,201,226,654
9<>战士不当乌龟！海盗打脸战高胜率上传说<>299,299,332,332,353,353,730,723,303,303,327,327,532,532,223,223,224,224,595,344,314,314,216,216,399,399,208,208,211,211
9<>不喜勿喷：高胜率微调版奴隶战套牌分享<>215,215,730,220,220,222,222,412,412,223,223,212,212,214,219,205,205,345,345,322,529,529,399,399,391,391,560,560,486,201
9<>本周套牌推荐：K神馆长牧与CL夺冠套牌<>222,222,223,223,212,214,214,219,219,659,659,561,253,661,661,725,725,603,603,399,399,564,564,270,270,486,557,201,245,252
9<>国服最顶尖奴隶战：低调的河马冲分实录<>215,215,730,220,220,222,222,412,297,223,223,212,212,214,219,205,205,345,345,221,207,207,314,399,399,560,560,384,558,201
9<>国服最顶尖奴隶战：低调的河马冲分实录<>215,215,220,220,222,222,297,297,223,223,212,212,214,219,219,205,205,345,345,322,529,399,399,391,391,560,560,384,486,201
9<>打脸龙战就是干<>299,299,332,332,730,723,317,317,327,223,223,224,224,659,659,595,661,725,725,216,216,399,399,208,208,270,270,238,211,211
9<>幸运！挖矿宇宙豪战之最后一天渡劫成功<>222,204,412,213,223,214,205,549,345,253,218,661,725,653,728,399,399,515,391,202,248,569,727,481,227,486,203,201,226,726
6<>提速再爆发 梦入神机的国服前百蓝龙贼<>22,22,868,302,302,299,299,23,11,11,867,867,333,333,24,19,19,13,13,595,595,16,9,9,863,806,806,270,270,238
7<>还是信仰萨 全程甲虫尤格中速萨上传说<>719,149,149,137,878,878,741,741,680,672,672,541,139,139,673,673,148,148,133,133,131,877,877,234,875,875,138,138,126,767
7<>五月十四日欧服登顶 新图腾萨详细攻略<>879,719,719,302,149,149,141,672,672,596,596,139,139,673,673,148,148,134,134,133,133,131,877,675,675,234,135,127,875,875
5<>安度因还能玩 欧服传说卡组恩佐斯环牧<>101,101,643,643,846,713,713,256,256,110,110,114,114,111,111,850,850,116,116,852,711,711,234,712,712,569,248,122,122,768
7<>强度与娱乐并存 传说达尔文进化萨详解<>898,898,719,719,149,149,874,741,741,672,672,139,673,673,148,148,133,133,131,131,876,876,270,270,135,127,875,875,799,799
7<>强度与娱乐并存 传说达尔文进化萨详解<>898,898,590,590,149,149,878,874,741,741,139,729,673,673,148,148,133,133,131,876,876,275,873,270,270,875,875,138,138,126
7<>十五级到传说 八成胜率融合萨卡组分享<>879,879,719,719,302,302,149,149,672,672,596,596,139,673,673,148,134,133,131,131,877,876,675,675,135,127,875,875,138,138
7<>魔法之风 传说第二廉价控场萨详细心得<>719,719,302,149,149,141,137,672,672,139,139,673,673,148,144,134,133,131,131,877,275,275,675,270,270,127,875,875,138,138
7<>国服最新登顶卡组 衣锦夜行黑龙进化萨<>898,879,879,719,719,878,878,672,672,139,139,677,673,673,134,131,131,877,877,675,270,270,234,135,875,875,138,138,246,245
9<>Newbee弱鸡套牌分享 四套卡组轻松传说<>894,894,222,222,223,223,219,219,212,212,205,205,896,896,725,661,661,345,345,218,218,895,895,210,210,229,889,246,201,654
8<>Newbee弱鸡套牌分享 四套卡组轻松传说<>883,883,888,888,302,302,299,299,200,200,191,191,189,189,722,722,312,312,282,282,887,887,546,546,572,275,275,180,180,262
4<>Newbee弱鸡套牌分享 四套卡组轻松传说<>856,856,166,166,300,297,297,256,256,158,158,345,155,155,709,354,170,170,163,163,552,292,292,569,248,229,854,153,151,768
7<>Newbee弱鸡套牌分享 四套卡组轻松传说<>730,719,719,302,302,299,299,149,149,141,141,680,680,672,672,596,596,541,541,139,595,595,132,132,131,131,877,877,127,127
7<>传说三百 衣锦夜行原始融合中速萨卡组<>898,879,879,719,719,141,141,672,672,139,139,673,673,148,134,131,131,877,877,275,675,270,270,234,875,875,138,138,246,245
5<>没有新卡照样打 国服传说第八龙牧详解<>550,550,109,109,105,105,713,713,641,641,110,108,561,561,111,111,603,603,564,564,270,270,234,120,120,712,712,122,599,252
8<>换个模式上传说 五套强力狂野卡组推荐<>883,883,888,888,302,299,299,200,191,191,722,722,410,410,394,394,312,282,282,887,887,729,546,546,473,473,275,275,262,262
4<>换个模式上传说 五套强力狂野卡组推荐<>859,859,686,398,398,291,291,169,168,167,167,444,444,410,282,857,442,442,709,709,529,529,391,391,384,682,682,486,151,768
9<>换个模式上传说 五套强力狂野卡组推荐<>215,215,730,222,222,220,220,412,412,333,333,223,223,212,212,345,345,207,529,529,399,399,560,560,391,391,248,486,201,768
5<>换个模式上传说 五套强力狂野卡组推荐<>847,109,105,713,713,110,452,401,401,345,345,111,111,850,850,529,529,525,525,711,391,391,120,569,446,248,229,122,121,768
2<>换个模式上传说 五套强力狂野卡组推荐<>408,405,670,670,410,410,406,406,88,87,95,85,85,80,80,832,832,529,529,827,515,391,391,384,248,84,84,486,829,768
5<>七成胜率美服传说 恩佐斯龙牧卡组推荐<>550,550,109,109,105,105,641,641,110,110,561,561,111,111,850,850,603,603,711,564,564,270,270,120,248,122,599,252,769,768
4<>我的治疗超乎你想象 太子宇宙奶骑卡组<>856,166,300,297,256,158,345,326,315,287,155,805,709,354,170,163,684,292,234,727,569,558,248,229,681,854,246,153,151,768
2<>不想玩萨满怎么办 四套慢速卡组上传说<>835,835,100,100,89,89,670,662,662,542,542,88,88,668,668,95,95,90,90,86,86,85,85,80,80,558,84,78,829,767
3<>不想玩萨满怎么办 四套慢速卡组上传说<>624,624,73,73,68,68,66,66,228,69,69,63,63,707,707,623,623,537,537,72,72,74,74,837,837,270,270,558,61,767
1<>不想玩萨满怎么办 四套慢速卡组上传说<>48,48,701,701,698,698,50,50,39,39,36,36,692,818,696,696,296,296,43,43,270,270,37,37,33,33,558,246,26,767
4<>不想玩萨满怎么办 四套慢速卡组上传说<>856,856,166,297,297,256,256,158,158,345,155,155,728,709,170,170,163,163,552,292,292,234,683,569,248,229,854,246,151,768
4<>圣光指引通向快攻的路 美服登顶神恩骑<>859,859,730,366,366,302,302,299,299,171,811,811,596,312,274,160,858,858,857,595,595,157,157,709,709,275,170,161,161,238
4<>从比赛卡组看 恩佐斯控场骑的演变进化<>856,856,166,300,297,297,256,256,158,158,155,155,805,783,709,170,170,163,163,788,788,552,552,292,248,229,854,153,151,768
4<>从比赛卡组看 恩佐斯控场骑的演变进化<>856,856,166,166,300,297,297,256,256,158,158,345,155,155,354,170,170,163,163,552,292,292,569,248,229,681,854,246,151,768
4<>我是信仰骑 变速摸腿圣盾亡语骑上传说<>859,859,302,302,299,299,160,160,858,857,688,688,326,326,254,157,783,783,709,709,275,170,163,163,161,292,292,248,151,768
3<>火把双龙冰卡组 超高斩杀专治慢速职业<>65,65,374,374,333,333,256,256,228,63,63,707,707,345,345,72,72,64,62,62,52,52,74,74,558,56,56,61,240,226
3<>烈焰滚滚 Comm国服第8火妖法卡组分享<>624,624,73,73,68,68,66,66,228,69,69,63,63,707,707,623,623,537,537,72,72,74,74,837,837,706,270,270,558,767
1<>为了上古之神 K神克苏恩流德卡组与实战<>48,48,698,814,814,50,50,36,36,808,808,794,729,692,821,821,818,43,43,37,37,33,33,824,824,248,773,28,246,765
1<>亚煞极登场 狗哥传说第七黑科技土豪德<>48,48,701,701,698,698,50,50,36,36,692,822,822,818,43,43,37,37,33,558,229,797,28,28,246,690,587,26,767,766
2<>虎牙女主播苏苏分享 平民中速猎上传说<>835,834,299,89,670,670,542,542,282,282,88,833,668,95,95,90,90,86,85,85,80,832,832,97,97,292,84,84,829,829
2<>廉价高伤害是硬道理 新版变速猎上传说<>834,366,299,89,742,742,671,670,670,542,542,92,88,87,595,595,95,95,90,90,86,86,85,85,80,80,832,292,84,829
2<>被遗忘的另一个模式 狂野玩家现身说法<>405,405,89,741,427,410,410,406,406,88,87,95,90,90,85,85,80,80,783,529,529,97,827,667,391,84,84,829,829,768
2<>没有狮子也能打 星妈传说第六名中速猎<>670,670,542,542,92,88,88,833,95,95,90,90,86,86,85,85,80,80,832,832,97,97,359,359,292,270,270,829,829,246
2<>野兽出击 欧服第八名低成本犀牛中速猎<>742,742,670,670,542,542,256,256,88,833,833,95,90,90,86,85,85,832,832,97,97,667,292,292,94,94,84,84,829,829
9<>瓦里安的攻势依然猛烈 国服登顶瓦王战<>894,894,222,222,220,223,223,219,214,212,212,205,205,896,896,725,725,345,345,207,207,895,895,216,210,229,889,246,201,654
9<>适应国服环境 高胜率中速瓦王战上传说<>894,894,222,222,223,223,219,214,212,205,205,896,896,725,725,345,345,207,207,895,895,216,216,210,234,202,248,246,201,654
9<>传说卡组攻略 异军突起瓦王节奏战心得<>894,894,222,222,220,223,223,219,219,212,212,205,205,896,896,725,725,345,207,207,895,895,216,210,229,889,246,201,726,654
9<>战士带你看小电影 娱乐卡组尤格萨隆战<>894,222,222,204,204,549,549,256,223,223,219,219,214,212,661,661,345,345,218,218,728,733,570,234,202,202,569,201,555,767
8<>不做好人还可以动物园：K神小明术卡组<>883,883,888,888,299,299,200,200,194,194,191,191,190,190,189,189,885,885,882,882,722,722,629,629,887,887,546,546,275,177
8<>大型攻略 如何构筑高强度的动物园卡组<>883,883,888,888,299,299,200,200,191,191,189,811,811,722,722,312,312,282,282,887,887,729,546,546,275,275,197,197,238,262
8<>大型攻略 如何构筑高强度的动物园卡组<>883,883,888,888,299,299,200,200,194,191,191,190,189,189,722,722,312,312,300,282,282,887,887,729,546,546,275,275,238,262
8<>大型攻略 如何构筑高强度的动物园卡组<>883,883,888,888,299,299,200,200,191,191,189,189,722,722,634,634,312,312,300,282,282,887,887,546,546,310,275,275,238,180
6<>盗贼新思路 美服传说第十克苏恩贼卡组<>22,22,4,4,23,814,814,228,24,24,19,19,870,794,794,16,16,9,9,802,802,714,714,270,270,279,773,18,864,765
6<>我就是魔法的化身 标准气宗贼大型攻略<>22,22,4,4,25,23,228,24,24,19,19,14,14,870,315,315,16,16,9,9,1,863,714,714,270,270,234,558,18,240
6<>我就是魔法的化身 标准气宗贼大型攻略<>22,22,4,4,25,23,228,24,24,19,19,14,14,870,315,16,16,9,9,1,863,714,714,270,270,234,558,279,279,240
6<>盗贼新体系 Sjow传说第6恩佐斯奇迹贼<>22,22,4,4,868,868,867,867,228,24,24,19,19,870,870,315,315,16,16,9,9,1,863,714,714,270,270,279,279,768
8<>欧服传说前五十 克苏恩宇宙术卡组推荐<>190,814,722,300,256,808,794,729,547,546,198,802,611,354,295,275,197,182,886,781,292,727,558,248,183,773,246,179,176,765
7<>Strifecro尝鲜套路 尤格萨隆过载萨卡组<>141,141,874,874,680,680,541,541,228,679,677,677,148,148,133,133,877,877,873,873,872,270,270,234,128,128,558,138,138,767
7<>萨满也能玩亡语系列 savjz传说恩佐斯萨<>874,874,680,680,541,541,256,677,677,148,148,134,134,133,133,131,131,805,805,872,234,128,128,875,875,558,248,229,246,768
5<>斩杀形态应对慢速卡组 美服传说核弹牧<>101,101,643,643,109,109,105,105,104,846,333,333,297,297,228,108,108,345,345,111,116,116,852,711,270,234,120,569,558,124
4<>比战士更土豪 CL罗伊传说前百恩佐斯骑<>856,856,166,300,297,297,256,158,158,345,155,155,805,728,709,709,170,170,163,163,788,552,552,292,248,229,854,153,151,768
1<>涛妹安利Orange跳费德 国服传说二十四<>48,48,701,701,698,698,50,50,39,39,36,36,692,822,822,818,296,296,43,43,270,270,37,33,33,558,28,28,26,767
1<>狗哥上分黑科技 尤格萨隆集合石德卡组<>48,48,701,701,698,698,826,826,697,697,695,695,39,39,36,36,538,538,44,818,296,43,43,733,733,270,270,37,33,767
1<>导演发威 savjz传说第8尤格萨隆奇迹德<>48,48,701,701,698,698,228,50,50,39,39,36,36,825,692,822,822,818,296,296,43,43,270,270,33,33,558,279,26,767
2<>当前天梯环境分析 猎人上传说策略推荐<>835,89,670,670,542,542,88,87,833,833,668,95,90,90,86,86,85,85,80,832,832,97,97,667,359,292,84,84,829,829
2<>中华毅力帝独家秘方 传说前百的三宝猎<>834,670,670,542,542,256,256,88,88,833,668,95,95,90,90,86,85,85,80,80,832,832,97,97,292,94,84,84,829,829
9<>没瓦王的瓦王战 中速战八成胜率上传说<>894,894,730,222,222,220,223,223,219,219,212,212,205,205,896,896,725,725,345,345,207,207,895,895,216,234,248,203,246,201
9<>美服传说十五名 经典防战的九职业攻略<>222,222,204,204,549,549,223,223,205,205,896,661,661,345,345,218,218,895,895,728,234,202,202,569,248,227,203,246,201,252
6<>狗哥套牌尝试 克苏恩宇宙贼卡组与实战<>22,15,4,868,23,867,814,228,24,19,870,794,729,715,315,16,9,1,863,802,714,275,865,270,727,279,773,18,864,765
7<>没克苏恩的克苏恩套牌 双子皇帝进化萨<>898,898,719,719,149,149,814,814,672,672,139,139,673,673,148,148,134,134,133,133,131,876,802,802,135,875,875,799,799,773
1<>为导演正名 大蓝龙奇迹德月末成功登顶<>48,48,47,47,701,701,698,698,228,50,50,36,36,825,825,692,822,818,43,43,37,37,33,33,558,279,227,246,240,767
6<>认真你就输了 娱乐向集合石随机贼卡组<>22,22,4,4,868,868,867,867,544,19,19,870,648,648,251,16,16,9,9,863,714,714,800,733,733,866,578,18,555,767
4<>中欧冠军的比赛策略 弱鸡发长微博感言<>856,856,166,304,304,297,297,256,256,158,158,261,261,155,155,709,172,170,170,163,163,552,552,292,292,854,153,151,708,708
6<>中欧冠军的比赛策略 弱鸡发长微博感言<>22,22,4,4,23,12,12,11,11,228,24,24,19,19,14,870,315,16,16,9,9,1,863,714,714,270,270,238,279,279
3<>中欧冠军的比赛策略 弱鸡发长微博感言<>624,624,73,73,68,68,66,66,841,841,228,69,69,63,63,707,537,537,72,72,52,74,74,837,837,706,270,270,61,767
7<>中欧冠军的比赛策略 弱鸡发长微博感言<>730,719,719,299,299,149,149,141,141,137,680,680,672,672,596,596,541,541,139,139,595,595,132,132,131,131,877,877,127,127
8<>古神还是火车王 宇宙术卡组的三种形态<>191,190,722,300,256,729,547,546,315,287,198,611,379,354,295,275,197,182,800,257,253,238,727,558,250,248,183,246,179,176
8<>古神还是火车王 宇宙术卡组的三种形态<>191,190,722,300,256,729,547,546,315,198,611,379,354,295,275,197,182,788,292,257,253,238,727,558,248,229,183,246,179,768
8<>古神还是火车王 宇宙术卡组的三种形态<>190,814,722,256,794,729,547,546,315,287,198,802,354,295,275,197,182,886,800,781,257,253,727,558,248,183,773,179,176,765
8<>新手玩家传说教程 动物园卡组深度攻略<>883,883,888,888,299,299,200,200,194,191,191,190,189,189,722,722,312,312,282,282,274,887,887,595,546,546,572,275,275,238
7<>最强萨尔 新环境中四种主流萨满的比较<>719,719,302,149,149,672,672,596,139,673,673,148,148,134,134,133,133,131,131,877,877,876,876,127,875,875,799,799,138,138
7<>新手福利向拿低保卡组推荐 铺场进化萨<>898,719,719,672,672,142,142,139,139,673,673,148,134,133,133,131,131,877,877,876,675,270,270,234,135,875,875,138,138,246
2<>沙陀猎变速萨 国服六月初传说第五心得<>834,834,586,742,742,670,670,542,703,665,95,90,90,86,86,85,85,80,80,832,832,97,97,667,292,234,84,84,829,829
7<>沙陀猎变速萨 国服六月初传说第五心得<>730,719,719,302,299,299,149,149,141,141,672,672,596,139,139,673,595,595,132,132,131,131,877,877,876,876,127,127,875,875
7<>月初抗快攻 贪睡之萨满城墙萨卡组实战<>141,141,878,680,541,541,256,256,228,130,130,679,679,677,677,148,148,133,133,131,129,129,872,257,128,128,875,875,246,767
5<>来自信仰职业的呼唤 克苏恩环牧上传说<>101,101,333,333,256,256,110,110,808,808,794,794,111,851,851,802,802,116,116,848,848,711,234,712,712,122,797,773,770,765
5<>Strifecro尝鲜套路 新版环牧还能否一战<>101,101,643,643,109,109,105,105,713,713,297,297,114,114,111,111,850,295,295,116,116,852,711,711,234,120,712,712,122,122
4<>龙王套牌尝试 恩佐斯龙骑士卡组与实战<>856,856,300,256,256,158,158,561,561,155,155,709,603,603,170,170,163,163,564,564,553,553,270,270,248,599,556,151,252,768
1<>感受大自然的力量 外服蓝龙奇迹德心得<>48,48,47,47,701,701,698,698,228,50,50,36,36,825,818,699,699,43,43,270,270,34,34,33,33,558,279,279,240,767
1<>谁才是天选之人 瓦娘第十名傻龙超生德<>48,48,701,701,698,698,228,50,50,39,39,36,36,692,822,822,818,296,296,43,43,270,270,37,33,33,558,28,26,767
1<>进击的小精灵 太子月初尝试铺场德卡组<>48,48,701,701,698,698,228,50,50,39,39,36,36,825,692,44,822,822,818,296,296,43,43,40,33,33,819,819,26,767
2<>不想成为时代的眼泪 T7猎环境生存指南<>834,834,669,669,366,299,299,742,742,542,542,312,312,282,282,87,87,595,595,382,382,95,95,90,90,85,85,80,80,238
2<>炉石新手攻略 传说妹子给我上的教学课<>834,834,89,742,742,670,670,542,542,88,88,833,95,95,90,90,86,85,85,80,80,832,97,97,667,234,84,84,829,829
2<>炉石新手攻略 传说妹子给我上的教学课<>834,834,89,742,742,670,670,596,542,542,88,833,95,95,90,90,86,85,85,80,80,832,97,97,292,292,84,84,829,829
2<>最后一刻进前十 欧服第八恩佐斯猎卡组<>834,834,742,742,671,670,670,542,282,282,79,95,95,90,90,85,85,80,832,832,97,97,292,94,94,84,84,829,829,768
2<>赶上中欧潮流轻松传说 中速猎详细教学<>834,100,100,742,742,671,670,670,542,542,88,833,95,90,90,86,85,85,80,832,832,97,97,292,234,84,84,829,829,768
9<>月初冲传说卡组推荐 放慢速度的海盗战<>894,222,222,303,223,223,219,219,214,212,212,896,896,893,893,729,345,345,207,207,895,895,314,314,230,211,211,248,246,201
9<>第一个上传说的男人！ 欧服登顶土豪战<>222,222,204,204,549,549,223,223,219,219,896,896,661,661,345,345,218,218,895,895,728,234,202,202,569,248,227,203,201,226
9<>提起刀来就是砍 太子快攻龙战卡组实战<>897,897,730,353,353,209,209,659,659,317,317,303,303,224,224,223,223,893,893,207,207,314,314,216,216,208,208,270,270,211
9<>暴风城的将士助我 太子传说第三瓦王战<>894,894,222,222,220,223,223,219,219,212,212,205,205,896,896,725,725,345,207,207,895,895,216,216,210,229,889,246,201,654
6<>就要诺森德不要火车王 蓝白传说冠军贼<>22,22,302,302,11,11,867,867,333,333,24,24,19,19,13,13,793,793,16,9,9,322,322,310,275,275,270,270,269,269
6<>Trump炉石课堂卡组视频教学 奇迹贼篇<>22,22,4,4,23,12,12,11,11,228,24,24,19,19,14,870,315,16,16,9,9,1,714,714,296,270,270,238,279,279
6<>月中传说前百 别出心裁的恩佐斯奇迹贼<>22,22,4,4,868,868,23,867,867,228,24,19,19,870,315,16,16,9,9,1,863,714,714,270,270,238,558,279,250,768
6<>娱乐之余冲排名 美服52名恩佐斯宇宙贼<>22,15,4,868,23,867,742,228,24,19,870,715,326,315,16,9,863,805,714,275,545,270,264,234,727,558,279,248,229,768
2<>欧洲春季赛落幕 太子成功获世锦赛资格<>834,834,586,742,742,670,670,596,542,542,88,833,703,703,90,90,86,86,85,85,80,80,97,97,359,359,84,84,829,829
6<>欧洲春季赛落幕 太子成功获世锦赛资格<>22,22,4,4,23,23,12,12,11,11,228,24,24,19,19,870,315,16,16,9,9,1,714,714,296,270,270,238,279,279
7<>欧洲春季赛落幕 太子成功获世锦赛资格<>730,719,719,302,302,299,299,149,149,141,141,672,672,596,139,139,673,673,595,595,132,132,131,131,877,877,127,127,875,875
8<>欧洲春季赛落幕 太子成功获世锦赛资格<>194,191,190,722,300,256,729,547,546,315,198,611,379,354,295,275,197,182,800,292,257,238,727,558,248,183,246,179,226,260
9<>欧洲春季赛落幕 太子成功获世锦赛资格<>894,894,730,222,222,223,223,219,219,214,212,212,205,205,896,896,725,725,345,207,207,895,895,216,216,210,229,889,246,201
9<>黄金公开赛郑州站 专业组冠军冰炫专访<>894,894,730,222,222,659,659,317,317,223,223,219,219,896,896,207,207,603,603,216,216,564,564,270,270,565,565,269,246,201
8<>黄金公开赛郑州站 专业组冠军冰炫专访<>883,883,888,888,302,302,299,299,200,200,194,191,191,189,189,722,722,312,312,282,282,274,887,887,546,546,275,275,238,262
7<>黄金公开赛郑州站 专业组冠军冰炫专访<>730,719,719,302,302,299,299,149,149,141,141,137,680,680,672,672,596,541,139,139,595,595,132,132,131,131,877,877,127,127
3<>黄金公开赛郑州站 专业组冠军冰炫专访<>624,624,73,73,68,68,66,66,841,228,69,69,63,63,707,707,623,537,537,72,72,52,74,74,837,837,270,270,61,767
8<>原创宇宙园上传说 65%胜率专打战猎萨<>883,888,302,299,200,191,190,189,811,742,722,596,312,300,282,274,887,546,198,354,310,275,197,182,292,270,727,269,246,245
8<>如何快速上传说 双魂火动物园卡组攻略<>883,883,888,888,299,299,200,200,194,194,191,191,189,189,722,722,596,312,312,282,282,274,887,887,546,546,572,275,275,238
8<>Trump炉石课堂卡组实战教学 动物园篇<>883,888,888,302,302,299,299,200,200,194,191,191,190,190,189,189,722,722,312,312,282,282,887,887,546,546,275,275,238,262
8<>超高胜率&出场率笑傲i联赛 宇宙术卡组<>191,190,722,300,293,256,547,546,315,198,611,379,354,295,275,197,182,800,292,257,253,238,727,558,248,183,246,179,176,260
8<>5月结算37名 BH小胖子动物园龙战卡组<>883,883,888,888,302,299,299,200,200,191,191,190,189,189,722,722,312,312,282,282,274,887,887,546,546,572,275,275,180,180
9<>5月结算37名 BH小胖子动物园龙战卡组<>894,894,730,222,222,659,659,317,317,223,223,219,896,896,207,207,603,603,216,216,564,564,270,270,211,565,565,246,201,231
8<>狂野模式传说 外服狂野宇宙术卡组分享<>408,299,190,722,475,256,729,547,546,315,287,198,529,473,379,354,295,275,197,182,515,391,384,727,558,248,183,486,179,176
8<>术士全新套路龙物园 CLPayton登顶美服<>888,888,302,299,299,200,200,194,191,190,190,189,722,722,317,317,274,561,561,546,546,603,603,275,197,564,564,270,270,238
6<>术士全新套路龙物园 CLPayton登顶美服<>22,22,4,4,25,23,228,24,24,19,19,14,14,870,315,16,16,9,9,1,714,714,379,379,270,270,558,279,279,240
8<>VC教学 传说分段带炼金师的平民动物园<>883,883,888,888,299,299,200,200,191,191,190,190,189,189,722,722,312,312,282,282,274,887,887,546,546,310,275,275,180,180
7<>萨满改良计划 狗哥火车王风怒萨新尝试<>149,149,141,141,878,680,680,541,541,150,679,679,677,677,148,148,134,134,133,133,129,129,322,270,270,257,238,875,875,558
7<>萌新入坑一个月 打脸萨超高效率上传说<>730,719,719,302,302,299,149,149,141,141,137,672,672,596,139,139,673,673,595,595,132,132,131,131,877,877,127,127,875,875
7<>月末传说卡组 77%胜率元素毁灭打脸萨<>730,719,719,302,299,299,149,149,141,141,137,874,874,680,680,672,672,596,541,139,677,595,132,132,131,131,877,877,127,127
7<>Trump炉石课堂卡组实战教学 中速萨篇<>879,719,719,302,149,149,141,672,672,596,596,139,139,673,673,148,148,134,134,133,133,131,131,877,877,675,675,127,875,875
7<>从菜鸟到传说 加勒比海蛇改编版控场萨<>719,719,302,149,149,141,672,672,596,139,139,673,673,148,148,134,133,133,131,131,877,275,675,270,234,135,127,875,875,138
7<>K神尝试卡组改动：德莱尼图腾师中速萨<>879,719,719,302,302,149,149,141,141,878,672,672,139,139,673,673,148,148,134,134,133,131,131,877,674,675,675,875,875,138
7<>萨满也要新思路 狗哥挖宝恩佐斯亡语萨<>149,141,141,878,878,680,541,541,679,679,677,677,148,148,134,134,133,133,129,728,872,270,875,875,558,248,229,599,252,768
5<>主播拯救安度因 瓦娘Comm牧师上传说<>101,101,643,643,109,105,105,713,713,333,333,297,297,110,110,281,111,111,850,850,118,116,116,852,234,712,569,248,122,768
5<>主播拯救安度因 瓦娘Comm牧师上传说<>105,551,551,256,110,110,281,281,114,114,111,111,850,850,805,805,118,118,852,711,711,712,712,248,122,122,121,121,768,125
5<>主播拯救安度因 瓦娘Comm牧师上传说<>101,101,109,109,105,105,300,300,297,297,110,110,315,315,281,281,111,116,116,852,852,711,120,712,569,558,122,122,125,125
2<>论坛玩家卡组推荐 重返经典的阳光龙牧<>835,834,834,299,299,89,812,742,742,542,542,282,282,87,87,79,595,595,382,95,95,90,90,85,85,80,80,354,238,84
5<>娱乐卡组脏出一片天 全程脏牧冲上传说<>105,105,713,713,300,297,256,256,110,110,114,114,111,111,850,850,849,118,852,852,711,711,712,712,569,248,122,122,121,768
5<>这才叫信仰 全程恩佐斯环牧进国服前百<>101,101,643,643,109,109,105,105,713,713,333,333,297,297,110,110,111,111,850,850,118,116,116,852,234,712,569,248,122,768
5<>Trump炉石课堂卡组实战教学 新版龙牧<>550,550,109,109,105,105,713,713,641,641,110,561,561,111,603,603,564,564,270,270,120,120,712,712,248,229,122,599,252,768
5<>亚太区春季八强赛明日开战 竟然有牧师<>101,101,643,643,846,713,713,333,300,256,256,110,110,315,111,111,850,850,116,116,852,852,711,711,712,712,569,248,122,768
5<>拯救安度因 欧服传说第15名恩佐斯环牧<>101,101,643,643,105,105,713,713,300,297,297,110,110,111,111,850,850,116,116,852,711,711,234,712,712,569,248,122,122,768
5<>Firebat新套路尝试 不带挖宝的雷诺暗牧<>847,643,109,105,105,104,713,110,640,345,114,112,112,111,850,611,593,118,853,852,711,570,120,727,712,576,250,122,121,639
5<>VC战队教学 传说分段偏斩杀向龙牧实战<>550,550,109,109,105,105,713,641,641,110,108,561,561,111,111,603,603,564,564,270,270,234,120,120,712,712,248,122,599,252
5<>狂野模式也可以拿低保 恩佐斯环牧分享<>101,101,643,643,408,109,109,105,105,713,713,297,452,392,392,111,529,529,116,116,852,391,391,712,712,446,446,248,122,768
4<>八成胜率怒冲传说前百 欧服龙骑士分享<>856,297,297,256,256,158,158,561,561,345,345,155,155,603,603,170,170,163,163,564,564,553,553,270,270,248,599,151,252,768
4<>大神教你玩转天梯 欧服传说前百亡语骑<>686,291,291,169,168,168,167,167,333,333,256,160,160,326,157,155,155,783,709,709,170,163,163,292,257,682,682,248,151,768
4<>无尽的报告淹没你 稳健中速骑卡组分享<>859,859,559,302,299,742,742,596,596,282,282,857,857,155,155,709,709,687,275,170,170,163,163,292,234,569,229,246,153,151
4<>Trump炉石课堂卡组实战教学 恩佐斯骑<>856,856,166,166,297,297,256,256,158,158,345,345,155,155,170,170,163,163,552,552,292,292,234,569,248,229,854,246,151,768
4<>铺骑场还能玩 Strifecro传说贴膜中速骑<>859,859,302,302,596,596,300,160,160,158,858,858,595,595,155,155,709,709,275,275,170,170,163,163,161,161,569,248,854,151
4<>旋风赛卡组推荐 不走寻常路双子神恩骑<>862,862,859,859,730,559,559,366,302,302,299,299,171,171,162,162,811,811,160,858,858,857,574,573,157,157,709,161,161,238
4<>鱼人大军亡者归来 美服传说36名死鱼骑<>856,856,166,333,304,304,297,297,256,256,158,158,345,345,261,261,155,155,170,170,163,163,552,552,292,854,153,151,708,708
4<>针对泛滥的战士 三奥秘佛祖骑卡组推荐<>686,559,559,302,302,299,299,168,167,858,858,857,857,155,155,709,709,275,275,170,170,163,163,161,161,238,682,682,152,151
4<>Strifecro尝鲜套路 恩佐斯鱼人报告兵骑<>859,859,855,855,299,299,811,596,596,857,326,326,261,261,155,155,709,709,308,275,170,170,163,163,788,234,248,854,151,768
4<>VC战队传说分段心得教学 恩佐斯奶骑篇<>856,856,166,297,297,256,256,158,158,155,805,783,709,709,170,170,163,163,552,552,292,292,234,248,229,854,246,153,151,768
3<>回狂野急速拿低保 八成胜率机械法分享<>518,518,517,517,66,66,526,526,514,514,436,436,434,63,63,535,535,533,72,739,739,529,529,432,432,74,74,842,842,486
3<>信仰导演上分：K神传说前百傻龙火妖法<>624,624,73,73,68,68,66,66,841,841,69,69,63,63,537,537,72,72,74,74,70,706,706,270,270,842,842,61,51,767
3<>Strifecro尝鲜套路 宇宙节奏火妖法卡组<>838,624,73,68,841,256,228,71,69,63,843,707,537,72,62,52,840,75,74,837,706,270,234,727,558,56,61,51,246,767
3<>还是社会主义好啊 傻龙火妖法美服登顶<>624,624,73,73,68,68,66,66,841,841,228,69,69,63,63,707,707,537,537,345,345,72,72,74,74,70,70,270,270,767
3<>信仰尤格萨隆 微调火妖法六月传说心得<>624,73,73,68,68,66,66,841,228,69,69,63,63,707,623,623,537,537,72,72,52,74,74,837,837,706,706,270,270,767
1<>当艾维娜遇上克苏恩 传说第六克苏恩德<>48,48,698,814,50,50,36,36,808,794,794,729,692,822,821,818,43,43,270,270,33,33,824,824,558,773,28,28,690,765
1<>没咆哮也叫德鲁伊？ 咆哮导演德上传说<>48,48,730,701,698,698,826,697,697,39,39,36,36,700,700,538,44,44,822,822,818,296,296,43,43,270,270,37,37,767
1<>咆哮的小精灵 导演德月末国服登顶心得<>48,48,701,701,698,698,50,50,39,39,36,36,825,825,44,822,822,818,296,296,43,43,40,270,33,33,819,819,26,767
1<>令人惊讶的胜率 太子传说改良版野兽德<>48,48,730,701,698,698,826,826,697,697,39,39,36,36,700,700,538,44,44,818,694,694,296,296,43,43,359,359,37,37
1<>传说卡组分享 导演德历经曲折终上传说<>48,48,701,701,698,698,50,50,39,39,36,36,825,692,822,822,818,296,296,43,43,270,37,37,33,33,28,246,26,767
1<>VC实战教学 铺场方向的传说鹿盔导演德<>48,48,701,701,698,698,50,50,39,39,36,36,692,822,822,818,296,296,43,43,270,270,37,37,33,558,28,246,26,767
1<>Trump的炉石课堂卡组教学 克苏恩德篇<>48,48,701,701,698,50,50,36,36,808,794,794,729,821,818,802,802,43,43,270,270,234,37,37,33,824,824,248,773,765
1<>娱乐卡也有春天 美服登顶亚煞极土豪德<>48,48,698,698,50,50,36,36,822,822,43,43,732,732,37,37,33,33,824,824,558,248,227,28,28,246,690,252,26,766
1<>Firebat新套路尝试 大蓝龙奴隶主奇迹德<>48,48,47,47,701,701,698,698,297,297,228,50,50,36,36,825,825,822,822,43,43,560,560,33,33,558,279,279,240,767
1<>龙与亡语的配合 狗哥黑科技恩佐斯龙德<>48,48,698,698,695,695,50,50,36,36,700,700,822,822,603,603,43,43,564,564,270,270,37,33,248,229,599,556,252,768
1<>感受自然的力量 作死帝新版法伤蓝龙德<>48,48,47,47,701,701,698,698,228,50,50,36,36,825,825,822,818,296,43,43,270,270,257,37,37,558,279,279,690,240
1<>超详细对战教学 国服月初蓝龙德上传说<>48,48,47,701,701,698,698,228,50,50,36,36,825,825,692,822,818,728,43,43,270,270,37,33,33,558,28,246,240,767
2<>WESG武汉站冠军卡组 中速猎分享推荐<>834,834,100,742,742,670,670,542,542,256,88,833,95,90,90,86,85,85,80,80,832,832,97,97,292,292,84,84,829,829
2<>娱乐与实力共存 子弹上膛导演猎上传说<>835,835,100,100,89,89,671,671,670,662,662,542,542,92,87,87,668,668,95,95,86,86,85,85,80,80,558,829,829,767
2<>连胜的猎爹挡不住 美服前十犀牛中速猎<>834,834,742,742,670,670,542,88,88,833,95,90,90,86,86,85,85,80,80,832,832,97,97,359,292,94,84,84,829,829
2<>法术猎人的时刻 SuperJJ子弹上膛导演猎<>835,835,100,100,89,89,670,662,662,542,542,256,256,88,88,668,668,95,86,86,85,85,80,80,270,270,558,829,829,767
9<>新世界的大门 狂野模式国服第三瓦王战<>894,894,222,222,220,223,223,212,212,205,205,896,896,345,345,287,207,207,790,529,529,399,399,391,391,248,486,201,768,654
9<>月初四次登顶 自燃而燃国服奴隶战心得<>215,215,894,730,222,222,220,220,333,297,223,223,219,214,212,212,205,896,896,725,725,345,345,207,207,216,560,560,234,201
9<>已过巅峰仍适合环境 月末奴隶战上传说<>215,215,894,894,222,222,220,220,333,297,223,223,219,212,212,205,205,896,896,345,345,207,207,322,216,216,560,560,201,767
9<>欧服零氪新号三天传说 平民快攻海盗战<>897,897,894,894,353,353,209,209,596,596,303,303,224,224,223,223,893,893,595,207,207,314,314,216,216,210,208,208,211,211
9<>导演为我续命 太子传说尤格萨隆奴隶战<>215,215,894,894,730,222,222,220,220,297,223,223,219,219,212,212,205,205,896,896,345,345,207,207,895,895,560,560,201,767
9<>告诉你什么叫免费 纯白卡狼人战上传说<>215,215,222,222,335,335,333,333,223,223,219,219,214,214,212,212,896,896,345,345,341,341,221,221,895,895,322,322,216,216
9<>不一样的瓦王战 WESG冠军 瓦王战卡组<>894,894,730,222,222,220,223,223,219,214,212,212,205,896,896,725,725,345,345,207,207,895,895,216,210,229,889,246,201,654
9<>月末冲分利器 国服传说88名龙战士心得<>894,894,730,222,222,659,659,317,317,223,223,219,219,896,896,207,207,603,603,216,216,564,564,270,270,565,269,246,201,231
9<>VC实战教学 趣味好玩的传说狼人导演战<>215,894,894,222,220,220,204,256,223,223,219,219,217,217,212,212,896,661,345,345,341,221,221,218,257,202,202,569,558,767
9<>所有人都过来 自然而燃国服第五奴隶战<>215,215,894,730,222,222,220,220,333,297,223,223,219,214,212,212,205,896,896,725,725,345,345,207,207,322,216,560,560,201
9<>所有人都过来 自然而燃国服第五奴隶战<>897,894,730,353,353,222,222,209,209,333,303,303,223,223,219,212,893,893,263,207,207,314,314,216,216,210,230,269,269,567
9<>信仰古神 美服前百克苏恩防战卡组攻略<>222,222,204,204,814,223,223,219,219,896,896,794,794,729,345,345,218,218,802,802,728,202,202,569,248,892,892,773,203,765
9<>现在谁才是快攻？ 欧服登顶海盗打脸战<>897,897,730,353,353,209,209,659,659,317,317,303,303,224,224,223,223,893,893,207,207,314,314,216,216,208,208,238,211,211
6<>现在谁才是快攻？ 欧服登顶海盗打脸战<>22,22,4,4,23,12,12,11,11,228,24,24,19,19,14,14,870,16,16,9,9,1,714,714,296,270,270,238,279,279
9<>新赛季月初上传说 尤科萨隆挖宝战卡组<>894,894,222,222,220,204,204,549,223,223,219,205,205,896,896,661,661,345,345,218,218,728,570,202,202,569,248,203,201,767